-45528.000000
288464.000000
51320.000000
121721.000000
10781.000000
-73228.000000
-64176.000000
86607.000000
65394.000000
-169405.000000
-314580.000000
-3356.000000
-62357.000000
-130006.000000
183468.000000
123170.000000
-2032.000000
-246104.000000
-217676.000000
123177.000000
223374.000000
-31750.000000
-220162.000000
175894.000000
12677.000000
6948.000000
167075.000000
-150439.000000
262275.000000
-285824.000000
-151317.000000
-61284.000000
234792.000000
-169207.000000
-207356.000000
-202824.000000
135736.000000
382586.000000
-86063.000000
-154214.000000
309691.000000
-40309.000000
-99147.000000
21233.000000
-154032.000000
194884.000000
84633.000000
-236053.000000
94990.000000
-121081.000000
231741.000000
62908.000000
-3406.000000
-195738.000000
-79777.000000
-107404.000000
7227.000000
-224588.000000
239701.000000
-21468.000000
-38736.000000
-102245.000000
-19092.000000
84699.000000
99456.000000
127752.000000
-76166.000000
-204545.000000
261999.000000
2984.000000
-263486.000000
219309.000000
-78191.000000
274521.000000
-182369.000000
73559.000000
191314.000000
88787.000000
-33212.000000
-103167.000000
258294.000000
150992.000000
-591881.000000
-185392.000000
236042.000000
-258828.000000
115522.000000
-17649.000000
-206898.000000
68421.000000
-166052.000000
-254159.000000
-107108.000000
35767.000000
22807.000000
-117832.000000
-63509.000000
-190421.000000
207444.000000
18016.000000
1689.000000
158797.000000
-49171.000000
2795.000000
-104724.000000
-66634.000000
-300232.000000
54522.000000
-249584.000000
-161759.000000
15073.000000
195541.000000
79764.000000
-102372.000000
240908.000000
-38054.000000
-135742.000000
-163462.000000
-10384.000000
-218912.000000
99634.000000
-315214.000000
-68395.000000
109545.000000
128235.000000
135004.000000
-230407.000000
-36685.000000
-160860.000000
199239.000000
16204.000000
-401733.000000
78882.000000
73471.000000
-83276.000000
-139871.000000
409077.000000
193624.000000
-461115.000000
-10026.000000
75433.000000
176335.000000
-183949.000000
-293488.000000
-21908.000000
235728.000000
293090.000000
60214.000000
-226395.000000
-1945.000000
174323.000000
-187488.000000
38333.000000
267597.000000
44303.000000
260530.000000
-40083.000000
-279921.000000
-172145.000000
-6614.000000
15832.000000
-347296.000000
360232.000000
117074.000000
-178404.000000
408617.000000
114953.000000
233755.000000
-21805.000000
-80512.000000
-112924.000000
68880.000000
207570.000000
228392.000000
-261905.000000
-194580.000000
334530.000000
265740.000000
-276350.000000
122166.000000
-64847.000000
-77695.000000
514.000000
-25620.000000
31934.000000
-45095.000000
-89720.000000
-274830.000000
109265.000000
29328.000000
214751.000000
-198607.000000
-146261.000000
310086.000000
235.000000
122667.000000
-89016.000000
-81753.000000
-189971.000000
-78091.000000
-14732.000000
102886.000000
132541.000000
-121091.000000
104285.000000
-226713.000000
85777.000000
91460.000000
-51768.000000
-163212.000000
-54509.000000
198352.000000
-15339.000000
-313664.000000
67680.000000
23293.000000
98949.000000
-4757.000000
65581.000000
194354.000000
-290093.000000
-486171.000000
-13166.000000
223895.000000
12653.000000
170866.000000
-287107.000000
-165862.000000
185286.000000
109548.000000
-33003.000000
-103790.000000
-80874.000000
51715.000000
-195265.000000
-29671.000000
224009.000000
-169342.000000
-17759.000000
230705.000000
54471.000000
160960.000000
109653.000000
-355182.000000
67338.000000
7158.000000
-139592.000000
223331.000000
-62207.000000
-191011.000000
1341.000000
10243.000000
-365194.000000
233700.000000
130829.000000
63749.000000
82982.000000
136980.000000
-70991.000000
-7625.000000
-61474.000000
176984.000000
65994.000000
46322.000000
-54008.000000
90132.000000
91531.000000
62268.000000
-3334.000000
-83339.000000
-312164.000000
61972.000000
250486.000000
-289490.000000
393445.000000
-29671.000000
-190932.000000
126505.000000
194946.000000
24858.000000
245257.000000
-169185.000000
-8795.000000
102770.000000
-221581.000000
-82093.000000
173766.000000
-381989.000000
-177642.000000
-78849.000000
-27712.000000
-33789.000000
355691.000000
57478.000000
-261905.000000
13817.000000
-224154.000000
161172.000000
-70215.000000
-754501.000000
-8857.000000
103644.000000
-107570.000000
96941.000000
114290.000000
139825.000000
-149501.000000
-126650.000000
-138914.000000
63662.000000
-31973.000000
13676.000000
14835.000000
-232700.000000
198750.000000
310572.000000
-249876.000000
-36113.000000
-44428.000000
-34877.000000
-135359.000000
19615.000000
-286222.000000
-59238.000000
-108811.000000
-67138.000000
83291.000000
275004.000000
6653.000000
-160931.000000
-128813.000000
-281592.000000
277854.000000
224163.000000
132410.000000
-148418.000000
54222.000000
-30821.000000
-235291.000000
121009.000000
-346240.000000
160202.000000
-129773.000000
-71270.000000
21886.000000
331397.000000
-218868.000000
152234.000000
-28600.000000
87953.000000
246961.000000
-72604.000000
27137.000000
356092.000000
-61809.000000
-230090.000000
34980.000000
-221028.000000
74146.000000
223248.000000
-123112.000000
110691.000000
352860.000000
13299.000000
13494.000000
101434.000000
9092.000000
187976.000000
-150889.000000
-265111.000000
-97999.000000
79311.000000
-31368.000000
37186.000000
192873.000000
-50326.000000
32491.000000
-116359.000000
-33715.000000
274688.000000
-8370.000000
83271.000000
149440.000000
98012.000000
415983.000000
-57444.000000
137041.000000
21164.000000
115761.000000
197105.000000
-322597.000000
56632.000000
142559.000000
111404.000000
197945.000000
-213543.000000
-161518.000000
-185236.000000
-210296.000000
-42827.000000
6029.000000
59715.000000
74584.000000
9340.000000
-138034.000000
327583.000000
62842.000000
-118769.000000
-662.000000
-26316.000000
-147432.000000
15762.000000
-32691.000000
-170176.000000
-3732.000000
48223.000000
5860.000000
77869.000000
332999.000000
-94379.000000
-79118.000000
-276179.000000
-43320.000000
-129426.000000
-148980.000000
46949.000000
41396.000000
11695.000000
78985.000000
9888.000000
-77567.000000
-61108.000000
98220.000000
65632.000000
62996.000000
26898.000000
-170269.000000
65811.000000
-107620.000000
-122770.000000
-73409.000000
107514.000000
-59999.000000
-196233.000000
-30334.000000
293470.000000
195540.000000
-260820.000000
18976.000000
203530.000000
-127000.000000
10358.000000
99723.000000
-9153.000000
6935.000000
92245.000000
35630.000000
109557.000000
194815.000000
106730.000000
-234178.000000
117238.000000
-70371.000000
22076.000000
-71017.000000
29205.000000
224929.000000
55517.000000
-309029.000000
-62119.000000
236718.000000
-106636.000000
-32691.000000
-317891.000000
43029.000000
-76287.000000
67630.000000
-92235.000000
87966.000000
-8130.000000
59227.000000
43434.000000
-18984.000000
-50319.000000
89601.000000
-135342.000000
98988.000000
-356786.000000
379754.000000
-101115.000000
-17807.000000
36037.000000
-31347.000000
205530.000000
-153576.000000
-60913.000000
386772.000000
35113.000000
51896.000000
-65202.000000
-7381.000000
217133.000000
131055.000000
-267732.000000
-78340.000000
121245.000000
-242508.000000
-369113.000000
177623.000000
-121812.000000
-19400.000000
338019.000000
-436398.000000
52161.000000
239634.000000
-263315.000000
-153393.000000
-3412.000000
179556.000000
-76780.000000
-288502.000000
-181463.000000
-116346.000000
-99854.000000
75738.000000
160236.000000
210612.000000
104437.000000
-5021.000000
-66526.000000
90951.000000
248533.000000
241630.000000
-162502.000000
-220692.000000
-179299.000000
-152578.000000
-369775.000000
217103.000000
-181854.000000
118682.000000
20956.000000
-42588.000000
-1380.000000
212594.000000
256559.000000
-309826.000000
-35815.000000
65354.000000
332295.000000
24011.000000
-128931.000000
-43188.000000
213265.000000
-155157.000000
-438407.000000
140410.000000
-80876.000000
-145918.000000
-288752.000000
8444.000000
-180571.000000
6163.000000
-38637.000000
-73565.000000
158927.000000
497823.000000
-20548.000000
-46889.000000
39417.000000
120725.000000
219960.000000
-153423.000000
-108305.000000
298769.000000
-48838.000000
-387433.000000
-29889.000000
-130945.000000
63660.000000
34760.000000
-49501.000000
53672.000000
285101.000000
-241471.000000
-64480.000000
-75378.000000
119973.000000
175.000000
18474.000000
107053.000000
105287.000000
174252.000000
-98488.000000
55577.000000
-163910.000000
226763.000000
-18247.000000
-14862.000000
-145960.000000
80173.000000
32977.000000
357110.000000
34335.000000
-336358.000000
31306.000000
38091.000000
-484872.000000
-229218.000000
454115.000000
148871.000000
224122.000000
-258628.000000
428957.000000
102164.000000
392035.000000
3181.000000
-220982.000000
-4610.000000
77583.000000
-186637.000000
17274.000000
231733.000000
-322157.000000
-27310.000000
331134.000000
195426.000000
27828.000000
-267161.000000
-60150.000000
-164637.000000
97951.000000
218952.000000
-136631.000000
-77074.000000
39394.000000
-230640.000000
-128471.000000
160629.000000
-69196.000000
-93320.000000
-94127.000000
-178606.000000
77884.000000
-5637.000000
24670.000000
96246.000000
143481.000000
-145212.000000
164252.000000
105118.000000
-430060.000000
284487.000000
71926.000000
55577.000000
-257330.000000
39057.000000
-385985.000000
92614.000000
6323.000000
-155661.000000
285228.000000
159166.000000
7372.000000
-211638.000000
83542.000000
255277.000000
-86947.000000
-228645.000000
-51464.000000
331497.000000
176922.000000
-241636.000000
222223.000000
-19542.000000
903.000000
62656.000000
-203043.000000
-19495.000000
53511.000000
-306069.000000
-77389.000000
205610.000000
186818.000000
-195253.000000
47522.000000
-196947.000000
-9555.000000
163879.000000
-331349.000000
50151.000000
-32948.000000
-127558.000000
-99372.000000
105380.000000
174984.000000
-161477.000000
60427.000000
78062.000000
251912.000000
-149365.000000
133390.000000
-250617.000000
47275.000000
222825.000000
-14051.000000
-69806.000000
-225584.000000
-262078.000000
149532.000000
44129.000000
179580.000000
-87888.000000
138300.000000
-594.000000
-49258.000000
166835.000000
59788.000000
30722.000000
11445.000000
-67699.000000
-241248.000000
50685.000000
164971.000000
-258894.000000
115182.000000
185605.000000
-239552.000000
222454.000000
-292461.000000
44129.000000
302475.000000
-69053.000000
24516.000000
35479.000000
268404.000000
-57236.000000
223120.000000
-173973.000000
255239.000000
319614.000000
-151189.000000
-5328.000000
227448.000000
-223155.000000
-225001.000000
115662.000000
-130308.000000
257636.000000
-262040.000000
-532014.000000
58905.000000
151574.000000
-100151.000000
-275444.000000
-379811.000000
-197024.000000
-39020.000000
162475.000000
-258145.000000
38920.000000
276382.000000
-213393.000000
2220.000000
53085.000000
197148.000000
98066.000000
-106732.000000
-257086.000000
248725.000000
214006.000000
250247.000000
-23353.000000
-65487.000000
53340.000000
-360986.000000
-261126.000000
-353497.000000
-34241.000000
-148450.000000
-64471.000000
4624.000000
-30322.000000
147936.000000
-102060.000000
-262689.000000
-4750.000000
-11808.000000
-323066.000000
-154147.000000
60812.000000
-280379.000000
392535.000000
49981.000000
-124716.000000
-31655.000000
263733.000000
-511415.000000
226638.000000
-307771.000000
134183.000000
-67111.000000
-21819.000000
-184471.000000
582598.000000
-129494.000000
-287561.000000
-76242.000000
215290.000000
20011.000000
179198.000000
-73367.000000
17882.000000
157252.000000
118875.000000
-233872.000000
-211103.000000
57327.000000
-122748.000000
-297070.000000
-212019.000000
-40598.000000
-113601.000000
-194017.000000
93989.000000
170046.000000
194538.000000
194206.000000
18240.000000
-206459.000000
221621.000000
-24663.000000
52571.000000
139381.000000
-15137.000000
110509.000000
322540.000000
-222292.000000
-76219.000000
326965.000000
-68906.000000
89020.000000
246985.000000
-44458.000000
-270759.000000
-166884.000000
96329.000000
28476.000000
84220.000000
-32321.000000
29451.000000
-88001.000000
380246.000000
122548.000000
-176996.000000
-129.000000
205823.000000
-178189.000000
-352512.000000
22860.000000
-29132.000000
221479.000000
147307.000000
-303344.000000
-20318.000000
265851.000000
87198.000000
21525.000000
-18246.000000
-27431.000000
61168.000000
759.000000
-340639.000000
182385.000000
-397408.000000
-203294.000000
-24021.000000
-243015.000000
415780.000000
15753.000000
13663.000000
-150536.000000
-74854.000000
-139808.000000
-9103.000000
-325697.000000
262857.000000
-13003.000000
-243900.000000
31989.000000
257773.000000
26763.000000
-155373.000000
-395464.000000
4192.000000
-57448.000000
-21274.000000
-137988.000000
-34205.000000
83206.000000
-161775.000000
-58303.000000
51628.000000
269436.000000
55926.000000
-194627.000000
-81090.000000
-80361.000000
249388.000000
-89709.000000
245089.000000
-105479.000000
-24303.000000
150910.000000
213898.000000
-187296.000000
-150300.000000
57532.000000
-212488.000000
-225190.000000
29875.000000
-84938.000000
-75806.000000
16752.000000
-209611.000000
27988.000000
-27547.000000
-442516.000000
-107779.000000
219639.000000
257773.000000
25065.000000
-237843.000000
95265.000000
-115536.000000
132113.000000
-67204.000000
-236915.000000
216488.000000
-134632.000000
-482354.000000
-37874.000000
-236764.000000
-40477.000000
-38823.000000
-1984.000000
99771.000000
81950.000000
-108224.000000
-115572.000000
-14422.000000
-160341.000000
254161.000000
34794.000000
-34264.000000
-13454.000000
107055.000000
-214650.000000
-269511.000000
19596.000000
-189592.000000
75522.000000
217292.000000
2172.000000
171113.000000
27988.000000
-246358.000000
-18735.000000
170644.000000
-282590.000000
8690.000000
4598.000000
-155984.000000
98343.000000
135328.000000
-171080.000000
-243896.000000
-214420.000000
162823.000000
-63399.000000
-119476.000000
-187170.000000
-33262.000000
114312.000000
-193166.000000
37541.000000
310596.000000
80275.000000
-68641.000000
2094.000000
-124080.000000
54136.000000
-73514.000000
-97139.000000
130862.000000
-78989.000000
191064.000000
-5386.000000
-59132.000000
191807.000000
-196956.000000
153752.000000
9814.000000
498383.000000
274667.000000
-27994.000000
-156614.000000
-1362.000000
62429.000000
-23341.000000
-170017.000000
186814.000000
188626.000000
-380572.000000
71710.000000
-80469.000000
57169.000000
-87916.000000
-302973.000000
-233784.000000
189161.000000
-118849.000000
-108980.000000
385908.000000
-111963.000000
-133054.000000
84484.000000
-202171.000000
-92045.000000
335235.000000
179070.000000
-339074.000000
106156.000000
240755.000000
3859.000000
343584.000000
31477.000000
-246340.000000
71938.000000
5283.000000
-177412.000000
-56831.000000
322278.000000
186941.000000
135207.000000
-84804.000000
407116.000000
328439.000000
-344938.000000
-66958.000000
-265743.000000
119671.000000
79863.000000
140200.000000
-469821.000000
267444.000000
-2524.000000
24579.000000
-268549.000000
42233.000000
-307592.000000
127532.000000
2502.000000
-74472.000000
194120.000000
-132112.000000
92949.000000
90154.000000
170540.000000
-78436.000000
315013.000000
-232474.000000
-214925.000000
120709.000000
-292676.000000
116706.000000
-100735.000000
183599.000000
-67244.000000
-16005.000000
-136843.000000
303270.000000
370446.000000
-171640.000000
-55785.000000
38483.000000
46580.000000
-37086.000000
-302703.000000
-76742.000000
-70838.000000
-40201.000000
70864.000000
147593.000000
52982.000000
224082.000000
23478.000000
-199478.000000
50840.000000
221221.000000
216791.000000
66019.000000
103301.000000
80985.000000
252990.000000
261098.000000
-43164.000000
-214060.000000
-79885.000000
-258865.000000
-12662.000000
56967.000000
-10384.000000
124192.000000
-211649.000000
116929.000000
154602.000000
-93422.000000
-17772.000000
126135.000000
-51757.000000
-78384.000000
-62305.000000
222238.000000
205309.000000
38483.000000
-153447.000000
-75185.000000
-67573.000000
169635.000000
-69138.000000
-25328.000000
-191276.000000
-195927.000000
-110067.000000
58209.000000
-327226.000000
-218243.000000
355546.000000
25560.000000
-137270.000000
81631.000000
-136173.000000
-147253.000000
264892.000000
-92587.000000
103650.000000
-98628.000000
27676.000000
-433409.000000
214414.000000
210435.000000
-322346.000000
-39377.000000
40999.000000
-43879.000000
-93651.000000
124270.000000
-259814.000000
167057.000000
-38332.000000
-178156.000000
-183083.000000
91895.000000
-24295.000000
37490.000000
177650.000000
102106.000000
-252745.000000
-122943.000000
-17815.000000
-260645.000000
95498.000000
364863.000000
-255286.000000
-98213.000000
245977.000000
60390.000000
76147.000000
69777.000000
58062.000000
31415.000000
-192762.000000
-222971.000000
194948.000000
-247106.000000
137821.000000
-146903.000000
18874.000000
-265360.000000
322372.000000
-242349.000000
-203515.000000
-268333.000000
-301133.000000
52010.000000
-93556.000000
78765.000000
198931.000000
-140673.000000
188909.000000
-233860.000000
127572.000000
433106.000000
199821.000000
-72381.000000
-117421.000000
244445.000000
91234.000000
-493813.000000
25663.000000
-156673.000000
-264001.000000
193020.000000
-35717.000000
-102698.000000
148049.000000
-76585.000000
-36798.000000
119526.000000
103349.000000
-98238.000000
135124.000000
105431.000000
40642.000000
-107842.000000
75762.000000
-291205.000000
258203.000000
93110.000000
-194159.000000
-110558.000000
25977.000000
-117476.000000
-80854.000000
-48986.000000
-84918.000000
198699.000000
-128744.000000
-762535.000000
-220374.000000
337179.000000
90554.000000
157430.000000
142253.000000
-267993.000000
-308983.000000
-21068.000000
-114015.000000
-42905.000000
75130.000000
167633.000000
-170787.000000
-38235.000000
-145077.000000
6694.000000
-14926.000000
-395333.000000
11272.000000
-150333.000000
118599.000000
-14737.000000
266002.000000
-6771.000000
35229.000000
-268986.000000
-41548.000000
45841.000000
36479.000000
37629.000000
-154998.000000
2661.000000
29963.000000
219087.000000
-261669.000000
-105654.000000
38941.000000
-144385.000000
-107651.000000
-185644.000000
62391.000000
23476.000000
-263526.000000
-148024.000000
345082.000000
-182645.000000
-46591.000000
108266.000000
-170094.000000
-202411.000000
308900.000000
20685.000000
18790.000000
-99599.000000
-198748.000000
-86793.000000
67815.000000
-85945.000000
-54263.000000
20984.000000
-433007.000000
-39731.000000
147134.000000
137835.000000
-69225.000000
-277261.000000
84479.000000
-13004.000000
152054.000000
40281.000000
133707.000000
173259.000000
-55430.000000
-263778.000000
-241967.000000
211143.000000
189557.000000
-196780.000000
95758.000000
-85202.000000
-138962.000000
303180.000000
-223682.000000
-58770.000000
98031.000000
164103.000000
-99008.000000
25840.000000
-48427.000000
-13248.000000
96242.000000
-365954.000000
6824.000000
69850.000000
-90878.000000
30307.000000
3755.000000
57009.000000
-87243.000000
-41834.000000
77226.000000
23945.000000
267487.000000
-72306.000000
-152294.000000
-51575.000000
126522.000000
-93041.000000
-275444.000000
-39217.000000
-44384.000000
56061.000000
-220450.000000
-64016.000000
-24059.000000
213986.000000
254857.000000
-208749.000000
26362.000000
-13766.000000
-218829.000000
303110.000000
-55604.000000
213146.000000
39982.000000
164103.000000
-93965.000000
154398.000000
156191.000000
177272.000000
-114209.000000
-124938.000000
-279768.000000
-86805.000000
-43679.000000
145031.000000
-114188.000000
52654.000000
38509.000000
74349.000000
210726.000000
-179728.000000
-74840.000000
26724.000000
170175.000000
144037.000000
28424.000000
49604.000000
-215101.000000
25132.000000
-158606.000000
10039.000000
-362138.000000
-34390.000000
231292.000000
-464036.000000
-10441.000000
117791.000000
52113.000000
-3927.000000
-282154.000000
-283743.000000
-54305.000000
378118.000000
-403282.000000
-194926.000000
318084.000000
-297997.000000
-298197.000000
495884.000000
-159255.000000
19202.000000
153457.000000
-177032.000000
37108.000000
288686.000000
388383.000000
-346478.000000
-178529.000000
86428.000000
-83046.000000
13313.000000
185674.000000
26724.000000
-91088.000000
360958.000000
-257598.000000
-8223.000000
-36777.000000
114775.000000
-195888.000000
-852.000000
230719.000000
-28355.000000
-10528.000000
-79111.000000
95621.000000
28404.000000
-214687.000000
139139.000000
181313.000000
-180813.000000
-130696.000000
12584.000000
-185256.000000
104661.000000
-70083.000000
134508.000000
-178835.000000
-29008.000000
-31818.000000
-142449.000000
-62908.000000
-282291.000000
115035.000000
-1140.000000
228285.000000
5280.000000
-47459.000000
-57914.000000
-127484.000000
125607.000000
-84128.000000
143654.000000
141244.000000
-44945.000000
-206196.000000
66433.000000
272237.000000
-76752.000000
-32200.000000
183816.000000
-105384.000000
29789.000000
170573.000000
-5617.000000
-34608.000000
195656.000000
-379794.000000
-32583.000000
140858.000000
141768.000000
-243773.000000
142199.000000
257191.000000
-258931.000000
9585.000000
-119572.000000
-36972.000000
-8437.000000
216623.000000
1480.000000
-27229.000000
-29681.000000
-230607.000000
28494.000000
106793.000000
-56867.000000
332147.000000
-240409.000000
-56414.000000
27179.000000
206450.000000
-32043.000000
-12103.000000
-56611.000000
257592.000000
254859.000000
-302830.000000
-83439.000000
-178747.000000
265564.000000
-139776.000000
-191402.000000
-120548.000000
-68335.000000
107225.000000
-68272.000000
-31169.000000
89448.000000
176393.000000
48793.000000
-111862.000000
-33498.000000
263547.000000
-161964.000000
-28430.000000
-107812.000000
154291.000000
84619.000000
122976.000000
60899.000000
-154264.000000
-17478.000000
89300.000000
-56242.000000
246067.000000
59403.000000
-336296.000000
141668.000000
-20868.000000
-105785.000000
91347.000000
-294183.000000
14068.000000
20768.000000
-25704.000000
99245.000000
159065.000000
144870.000000
-231779.000000
29230.000000
100938.000000
-13543.000000
129423.000000
63335.000000
-154849.000000
1416.000000
113505.000000
218419.000000
-127676.000000
-49384.000000
-308063.000000
99027.000000
20424.000000
-216029.000000
263956.000000
6210.000000
-244794.000000
50265.000000
325707.000000
-98207.000000
-97204.000000
55813.000000
-139823.000000
225099.000000
-110823.000000
173925.000000
107272.000000
-64202.000000
174581.000000
-22738.000000
-396745.000000
98078.000000
-158356.000000
-16678.000000
-263962.000000
-176980.000000
46559.000000
83079.000000
237979.000000
-29302.000000
-28756.000000
116990.000000
-67870.000000
128780.000000
30039.000000
105505.000000
102612.000000
283166.000000
38209.000000
161800.000000
196675.000000
-162607.000000
-234860.000000
-33603.000000
-1822.000000
161319.000000
-242450.000000
-31640.000000
118188.000000
-273548.000000
125616.000000
-272194.000000
921.000000
206673.000000
-363146.000000
-1406.000000
119419.000000
-24631.000000
177154.000000
-193917.000000
-179167.000000
-97072.000000
33636.000000
-149589.000000
-1822.000000
239175.000000
26415.000000
36679.000000
35475.000000
-8035.000000
47721.000000
-231241.000000
-86680.000000
-69674.000000
79278.000000
149739.000000
-54638.000000
96386.000000
-71845.000000
136925.000000
-128397.000000
-295132.000000
233729.000000
-444194.000000
-63719.000000
-45742.000000
18970.000000
-82392.000000
236466.000000
-196408.000000
151728.000000
320865.000000
94187.000000
89929.000000
-57479.000000
-240929.000000
10897.000000
-12484.000000
-51444.000000
140042.000000
80876.000000
-31537.000000
104630.000000
-168187.000000
263956.000000
188286.000000
-98872.000000
-372971.000000
177057.000000
74278.000000
6782.000000
127294.000000
73888.000000
-187074.000000
310796.000000
-298647.000000
-80389.000000
337412.000000
241197.000000
-186739.000000
-136264.000000
-164062.000000
162963.000000
14392.000000
-301977.000000
-106554.000000
98866.000000
77818.000000
59349.000000
-98232.000000
-94130.000000
230206.000000
-307585.000000
-116469.000000
-129897.000000
58603.000000
80383.000000
-312642.000000
5544.000000
126681.000000
98685.000000
97066.000000
-39101.000000
307392.000000
85675.000000
-201334.000000
159300.000000
-19196.000000
94489.000000
153430.000000
-252905.000000
-238299.000000
433358.000000
-309392.000000
-65783.000000
-154698.000000
-351473.000000
446826.000000
63348.000000
-154460.000000
280547.000000
294683.000000
-349730.000000
-159940.000000
20140.000000
-22516.000000
160924.000000
105308.000000
-276974.000000
13235.000000
220301.000000
-276916.000000
-9863.000000
-74757.000000
-175485.000000
-182511.000000
120167.000000
-245012.000000
69669.000000
193621.000000
-279670.000000
229591.000000
33636.000000
36492.000000
-172827.000000
45933.000000
-97106.000000
146077.000000
69664.000000
-39206.000000
231656.000000
-386406.000000
70002.000000
109414.000000
-65589.000000
145929.000000
299217.000000
-23613.000000
-109264.000000
263594.000000
59550.000000
99533.000000
162777.000000
-180903.000000
47660.000000
311717.000000
-233277.000000
-215239.000000
122516.000000
49687.000000
164171.000000
-195664.000000
75890.000000
21650.000000
241374.000000
-181259.000000
-310490.000000
130198.000000
9074.000000
-33092.000000
9018.000000
165068.000000
-94132.000000
180570.000000
-238362.000000
-191354.000000
114333.000000
109991.000000
107267.000000
-69124.000000
-87583.000000
219500.000000
-200535.000000
306019.000000
-412653.000000
125882.000000
-88143.000000
8500.000000
-43729.000000
-231129.000000
-235810.000000
-296144.000000
-26151.000000
-107227.000000
192863.000000
-245931.000000
-211718.000000
65595.000000
82137.000000
-78893.000000
10694.000000
35574.000000
-104977.000000
-56319.000000
78634.000000
-76421.000000
213033.000000
132627.000000
-74657.000000
142570.000000
-21363.000000
229148.000000
-419361.000000
205852.000000
110924.000000
-210903.000000
114333.000000
97670.000000
-379359.000000
49519.000000
-80715.000000
-52052.000000
-7302.000000
109414.000000
-13199.000000
-871.000000
-49107.000000
131064.000000
315844.000000
335921.000000
-151998.000000
-97072.000000
46586.000000
165867.000000
-57336.000000
-36793.000000
44919.000000
228257.000000
-233614.000000
-325112.000000
135726.000000
94165.000000
97216.000000
-144668.000000
30562.000000
149759.000000
117406.000000
441840.000000
212525.000000
100053.000000
77461.000000
250200.000000
-55457.000000
-89200.000000
219781.000000
-39400.000000
-278430.000000
49289.000000
-96997.000000
37510.000000
-276187.000000
-144995.000000
-201301.000000
82809.000000
-54888.000000
280680.000000
-100203.000000
65529.000000
-212878.000000
56823.000000
18196.000000
316747.000000
143885.000000
186138.000000
132635.000000
-22528.000000
373406.000000
42323.000000
-89946.000000
-4240.000000
-124129.000000
51610.000000
155665.000000
-144668.000000
-280343.000000
42393.000000
775.000000
117285.000000
389627.000000
-165134.000000
40877.000000
117675.000000
18573.000000
-290816.000000
-115745.000000
245627.000000
-305433.000000
-55715.000000
-246979.000000
-250229.000000
145862.000000
131874.000000
-55389.000000
113790.000000
-290162.000000
14554.000000
422439.000000
-2429.000000
96429.000000
-143950.000000
1440.000000
-208545.000000
-53302.000000
64442.000000
128212.000000
-217647.000000
-80238.000000
201007.000000
-94439.000000
57597.000000
85018.000000
-183122.000000
190477.000000
-51943.000000
-158401.000000
163935.000000
-40042.000000
-106537.000000
271732.000000
185259.000000
22297.000000
248050.000000
-106723.000000
200523.000000
28303.000000
44494.000000
-183790.000000
64519.000000
-263092.000000
-237396.000000
213593.000000
145198.000000
-123645.000000
-144668.000000
-148341.000000
71968.000000
122822.000000
-132359.000000
227499.000000
47748.000000
-73157.000000
-78613.000000
52529.000000
-170989.000000
-102767.000000
-182828.000000
113148.000000
-458019.000000
177731.000000
158494.000000
-94880.000000
1013.000000
-142168.000000
-98133.000000
-195844.000000
157766.000000
-135371.000000
229756.000000
-100176.000000
-130226.000000
-315283.000000
211693.000000
33213.000000
-196839.000000
183854.000000
263490.000000
-150874.000000
49881.000000
183692.000000
222787.000000
147806.000000
-13489.000000
-391369.000000
98472.000000
-351525.000000
-214354.000000
294496.000000
-259946.000000
216066.000000
139587.000000
-104542.000000
-203418.000000
329261.000000
14793.000000
17905.000000
105889.000000
212077.000000
70536.000000
12363.000000
-84922.000000
-115298.000000
-14134.000000
136364.000000
-101815.000000
-236852.000000
97493.000000
40788.000000
250549.000000
-80128.000000
-163248.000000
-119856.000000
-49043.000000
-32555.000000
-149864.000000
393629.000000
17590.000000
-333004.000000
-18367.000000
144063.000000
209706.000000
39619.000000
210297.000000
-84502.000000
203375.000000
-370253.000000
-35573.000000
83302.000000
-22692.000000
63295.000000
183737.000000
-202547.000000
123245.000000
-94813.000000
177094.000000
-195401.000000
-66335.000000
-4554.000000
-15773.000000
112573.000000
-16046.000000
153191.000000
-28636.000000
-29341.000000
-127982.000000
-68493.000000
106432.000000
-166534.000000
-88135.000000
103787.000000
216109.000000
57446.000000
-333098.000000
-360230.000000
21811.000000
-52858.000000
-197142.000000
-166658.000000
-125507.000000
-35396.000000
-309326.000000
205047.000000
93956.000000
-211511.000000
199693.000000
-129893.000000
8716.000000
-113694.000000
152842.000000
209935.000000
-128503.000000
-188824.000000
149236.000000
148713.000000
-78397.000000
123931.000000
150464.000000
-4464.000000
106454.000000
-185565.000000
25391.000000
132520.000000
-299254.000000
-313665.000000
133704.000000
-172406.000000
80639.000000
-132231.000000
-3826.000000
137095.000000
216109.000000
-155349.000000
-271506.000000
47805.000000
242532.000000
-227768.000000
-130334.000000
123907.000000
23484.000000
70799.000000
-68810.000000
-315081.000000
293993.000000
-175180.000000
35801.000000
-268971.000000
-164491.000000
39559.000000
104298.000000
-12059.000000
242630.000000
-273497.000000
16649.000000
45233.000000
26577.000000
-11950.000000
208767.000000
-55367.000000
-241369.000000
36504.000000
-131559.000000
-184332.000000
-262361.000000
155454.000000
39138.000000
13631.000000
-315404.000000
318102.000000
31584.000000
-250413.000000
193843.000000
-112285.000000
-90304.000000
318849.000000
-274936.000000
-230702.000000
-155923.000000
203065.000000
-252476.000000
96284.000000
87595.000000
375191.000000
312952.000000
-169621.000000
-135551.000000
3427.000000
-402020.000000
43047.000000
-179904.000000
304183.000000
174521.000000
159340.000000
-306527.000000
17628.000000
270574.000000
35187.000000
-188292.000000
-139375.000000
216331.000000
-116592.000000
-111319.000000
129472.000000
-65320.000000
232799.000000
-173711.000000
52113.000000
-25125.000000
-177642.000000
323305.000000
188683.000000
133637.000000
83761.000000
-214688.000000
-178356.000000
55829.000000
106048.000000
24235.000000
-155347.000000
-161847.000000
-296887.000000
293798.000000
-149921.000000
50812.000000
-32139.000000
-183575.000000
-113373.000000
81126.000000
-97532.000000
-124648.000000
275124.000000
-325108.000000
113973.000000
389998.000000
78723.000000
156677.000000
-160438.000000
-109283.000000
70028.000000
145685.000000
-80432.000000
-269.000000
-159055.000000
-48424.000000
-371785.000000
22894.000000
-173949.000000
-2749.000000
130870.000000
100188.000000
132027.000000
259567.000000
-63747.000000
-198462.000000
5501.000000
170992.000000
-149246.000000
47240.000000
26758.000000
35039.000000
-167542.000000
-65336.000000
-107685.000000
-245029.000000
156830.000000
-11769.000000
-20093.000000
-59988.000000
77913.000000
-17712.000000
-166794.000000
-218878.000000
-192523.000000
-1982.000000
76986.000000
-249061.000000
128444.000000
56753.000000
-98805.000000
-82671.000000
-88313.000000
249251.000000
-7629.000000
-245029.000000
-222097.000000
-374385.000000
42896.000000
-131823.000000
53468.000000
-334082.000000
207401.000000
-116895.000000
-237514.000000
-102248.000000
71948.000000
143572.000000
134475.000000
18016.000000
40692.000000
63548.000000
-42917.000000
40295.000000
46526.000000
-4860.000000
-12795.000000
-137044.000000
200091.000000
-253940.000000
-30738.000000
207574.000000
-12627.000000
22267.000000
-182997.000000
-264785.000000
-329989.000000
-91949.000000
180310.000000
189476.000000
-173941.000000
-140636.000000
-268064.000000
144812.000000
-62952.000000
60675.000000
-96002.000000
173474.000000
-165783.000000
98136.000000
-185600.000000
264546.000000
16432.000000
-247965.000000
124405.000000
-7534.000000
145242.000000
92739.000000
-359446.000000
-475752.000000
157492.000000
88165.000000
35147.000000
-125839.000000
42374.000000
75177.000000
-81940.000000
396599.000000
-75830.000000
141381.000000
181613.000000
53261.000000
209226.000000
159412.000000
354868.000000
-53047.000000
230621.000000
-169462.000000
55093.000000
-102201.000000
-148302.000000
237151.000000
-77194.000000
-253144.000000
-15050.000000
266994.000000
-152426.000000
239009.000000
-72431.000000
202385.000000
204116.000000
297258.000000
17689.000000
226161.000000
-275212.000000
-333724.000000
74067.000000
155766.000000
410142.000000
-45730.000000
78254.000000
-11617.000000
-125395.000000
5181.000000
171823.000000
-121428.000000
-61383.000000
-85274.000000
-310945.000000
23328.000000
-62101.000000
181617.000000
46563.000000
-35979.000000
-165650.000000
60048.000000
147676.000000
106284.000000
-55346.000000
184965.000000
-385025.000000
244975.000000
48041.000000
102995.000000
286916.000000
-9648.000000
-166766.000000
34206.000000
-327775.000000
-263455.000000
372176.000000
-108019.000000
-220645.000000
50821.000000
-234100.000000
-17113.000000
-92125.000000
-529137.000000
324073.000000
35576.000000
397988.000000
88592.000000
-283043.000000
195754.000000
22407.000000
36775.000000
-53859.000000
9866.000000
-311784.000000
-309792.000000
-111161.000000
-14370.000000
-304898.000000
-145784.000000
-273789.000000
-167196.000000
213003.000000
-136146.000000
-260702.000000
88489.000000
71945.000000
-324174.000000
3109.000000
205874.000000
199088.000000
87808.000000
42838.000000
-380920.000000
-209527.000000
145542.000000
-64353.000000
-238378.000000
150036.000000
-97186.000000
-18183.000000
-156683.000000
160976.000000
100489.000000
-370961.000000
-222297.000000
93244.000000
-360458.000000
72926.000000
117099.000000
-396951.000000
-156019.000000
85010.000000
-172725.000000
-32511.000000
271070.000000
-125142.000000
-30561.000000
17709.000000
-174023.000000
-58325.000000
55306.000000
-207595.000000
-178144.000000
82758.000000
-105608.000000
76136.000000
-349333.000000
-47355.000000
312612.000000
-79298.000000
-20161.000000
-169165.000000
19276.000000
49015.000000
312336.000000
-359929.000000
90195.000000
370427.000000
-307521.000000
-84337.000000
-61592.000000
9190.000000
-67662.000000
-259706.000000
-411491.000000
165962.000000
54512.000000
110040.000000
58623.000000
459106.000000
-340585.000000
41340.000000
-53491.000000
-136336.000000
396503.000000
-22329.000000
65872.000000
-369176.000000
-8016.000000
-32838.000000
-44258.000000
-221484.000000
-26126.000000
237238.000000
-414414.000000
156920.000000
100727.000000
168236.000000
283648.000000
-65174.000000
-17698.000000
312477.000000
-170766.000000
-106304.000000
-263122.000000
88161.000000
206453.000000
-17715.000000
-27381.000000
-58105.000000
82307.000000
-53351.000000
-138773.000000
-25220.000000
23582.000000
63253.000000
-37836.000000
-88870.000000
-82353.000000
226024.000000
-1641.000000
143614.000000
-345914.000000
-122483.000000
73479.000000
-124792.000000
66895.000000
-51111.000000
57811.000000
-143302.000000
-414567.000000
257703.000000
273518.000000
-145803.000000
-117893.000000
34482.000000
-61019.000000
309924.000000
27590.000000
-148150.000000
244442.000000
-276851.000000
-304016.000000
-236412.000000
95403.000000
-237742.000000
46757.000000
-252784.000000
-24472.000000
125292.000000
49432.000000
111651.000000
-11407.000000
20821.000000
-163146.000000
53589.000000
-207778.000000
-321149.000000
330207.000000
-79595.000000
-314771.000000
269728.000000
105388.000000
153326.000000
-177633.000000
-134978.000000
-233105.000000
259603.000000
-217649.000000
29763.000000
252513.000000
13168.000000
-101593.000000
-328146.000000
-290194.000000
36017.000000
45253.000000
-270446.000000
128791.000000
49049.000000
9637.000000
-84605.000000
324366.000000
37905.000000
23247.000000
204938.000000
-177079.000000
-63004.000000
-180524.000000
-39866.000000
-12242.000000
70081.000000
134224.000000
10885.000000
169096.000000
-199192.000000
-76836.000000
184816.000000
-259249.000000
46726.000000
-293917.000000
-40445.000000
28263.000000
88751.000000
203163.000000
163286.000000
452957.000000
199136.000000
-259455.000000
-98360.000000
333019.000000
-134450.000000
145857.000000
-45155.000000
99233.000000
366351.000000
74390.000000
-286706.000000
-8979.000000
-203069.000000
-206676.000000
-8108.000000
294315.000000
-138046.000000
151411.000000
58662.000000
-274335.000000
68066.000000
-21209.000000
-163274.000000
156525.000000
127160.000000
-35083.000000
-97098.000000
124381.000000
-122534.000000
91430.000000
84165.000000
-231091.000000
133723.000000
44195.000000
-4688.000000
-77521.000000
-81623.000000
438398.000000
-72408.000000
71776.000000
-330212.000000
-91386.000000
195457.000000
-138079.000000
-157172.000000
40485.000000
60197.000000
-89779.000000
139133.000000
-181921.000000
236.000000
300248.000000
-380638.000000
189810.000000
218287.000000
-176396.000000
-71135.000000
-34908.000000
-424886.000000
31025.000000
68066.000000
-298223.000000
51771.000000
255929.000000
77162.000000
211485.000000
165910.000000
-73911.000000
-223320.000000
203432.000000
-288267.000000
-48813.000000
147447.000000
50676.000000
120390.000000
34698.000000
198699.000000
8168.000000
107997.000000
-32581.000000
-68072.000000
-91310.000000
111810.000000
119254.000000
-180562.000000
107451.000000
94432.000000
21102.000000
-229354.000000
271350.000000
3607.000000
16722.000000
141319.000000
-10475.000000
-7260.000000
88643.000000
-113345.000000
128952.000000
-189920.000000
49006.000000
-2537.000000
-256808.000000
-14447.000000
65995.000000
-163913.000000
-255738.000000
173841.000000
-18822.000000
-24320.000000
180118.000000
-21939.000000
32239.000000
-36208.000000
74797.000000
38336.000000
-110303.000000
108318.000000
-4246.000000
81722.000000
155375.000000
97711.000000
-164725.000000
-93229.000000
105234.000000
6077.000000
132048.000000
142851.000000
39841.000000
239686.000000
69407.000000
-127206.000000
-28538.000000
266200.000000
-386421.000000
353708.000000
-205280.000000
116515.000000
65768.000000
289850.000000
-312794.000000
165780.000000
-248271.000000
21873.000000
-62876.000000
87084.000000
58892.000000
149110.000000
80063.000000
-201700.000000
-43606.000000
255146.000000
257442.000000
-44762.000000
18041.000000
-110680.000000
20930.000000
-38333.000000
65768.000000
11451.000000
211486.000000
9838.000000
-208052.000000
-21282.000000
-44253.000000
-214847.000000
31528.000000
94981.000000
-9827.000000
479120.000000
2861.000000
-73850.000000
-173935.000000
11504.000000
-47980.000000
-260015.000000
107057.000000
121565.000000
2361.000000
3967.000000
109665.000000
-55697.000000
99176.000000
-157180.000000
157799.000000
-133052.000000
465693.000000
-18046.000000
-221691.000000
187995.000000
30627.000000
315406.000000
72707.000000
97039.000000
-447954.000000
9823.000000
248419.000000
-457640.000000
218130.000000
112517.000000
-74710.000000
-252302.000000
346243.000000
-453263.000000
76161.000000
-86539.000000
18515.000000
-72504.000000
45153.000000
-21826.000000
7195.000000
193347.000000
179937.000000
31504.000000
-84942.000000
82510.000000
37325.000000
50471.000000
-114148.000000
-237479.000000
41004.000000
9838.000000
40268.000000
17742.000000
151431.000000
-239018.000000
379690.000000
-123649.000000
-70487.000000
193399.000000
310826.000000
-76465.000000
-361050.000000
247343.000000
63392.000000
-165134.000000
-136610.000000
-149046.000000
133778.000000
-132099.000000
164244.000000
16664.000000
109408.000000
-243360.000000
-31016.000000
174490.000000
-23730.000000
387799.000000
223070.000000
-305887.000000
-54455.000000
334110.000000
33369.000000
241921.000000
-125949.000000
-278258.000000
129128.000000
-159206.000000
-97352.000000
25072.000000
-261887.000000
151625.000000
-227748.000000
-221502.000000
361376.000000
-312879.000000
-107507.000000
209586.000000
-45159.000000
229772.000000
-147815.000000
-157006.000000
386032.000000
-985.000000
47200.000000
87573.000000
-110559.000000
354528.000000
123145.000000
183278.000000
-93458.000000
-64662.000000
94403.000000
-44447.000000
-78796.000000
-191390.000000
-83191.000000
-117573.000000
4946.000000
320286.000000
-257185.000000
84796.000000
-94073.000000
-145058.000000
156729.000000
-400845.000000
-506240.000000
15784.000000
-62759.000000
216069.000000
196064.000000
-46431.000000
-324114.000000
-28738.000000
-291070.000000
142078.000000
178781.000000
142775.000000
26123.000000
-37012.000000
-957.000000
-53954.000000
237773.000000
-128345.000000
-275251.000000
80907.000000
-158201.000000
57790.000000
-68317.000000
40420.000000
-189294.000000
138409.000000
-143901.000000
231.000000
56217.000000
286650.000000
146317.000000
-356669.000000
190416.000000
71864.000000
41820.000000
-80649.000000
-47109.000000
206102.000000
214200.000000
81481.000000
-419214.000000
205925.000000
144977.000000
19665.000000
-13976.000000
-46296.000000
-33354.000000
264693.000000
-285367.000000
-116762.000000
98051.000000
30027.000000
-236927.000000
-229867.000000
-145646.000000
115068.000000
-149502.000000
-85754.000000
-56382.000000
-104006.000000
-81239.000000
-224275.000000
-60631.000000
21081.000000
-131954.000000
67231.000000
-170819.000000
19804.000000
365558.000000
-228005.000000
239245.000000
134762.000000
287353.000000
-97681.000000
-227263.000000
59470.000000
112638.000000
115336.000000
-132141.000000
257798.000000
-68587.000000
204536.000000
-52692.000000
280339.000000
40646.000000
269479.000000
-180497.000000
-80975.000000
202109.000000
-59970.000000
165359.000000
-27049.000000
34595.000000
154065.000000
58697.000000
224045.000000
-62041.000000
-132055.000000
118847.000000
-175223.000000
-287676.000000
129160.000000
-15508.000000
134621.000000
-90139.000000
-144583.000000
-107675.000000
130833.000000
3197.000000
-274393.000000
-159805.000000
146277.000000
277448.000000
42550.000000
-141137.000000
264298.000000
-133438.000000
14536.000000
-42943.000000
-69877.000000
64884.000000
-231886.000000
-168342.000000
35937.000000
29027.000000
-50821.000000
-47221.000000
160308.000000
286408.000000
97269.000000
-70023.000000
-213096.000000
79800.000000
294818.000000
-26013.000000
22197.000000
18992.000000
267850.000000
61476.000000
85244.000000
-149583.000000
335515.000000
-15508.000000
-121090.000000
5716.000000
-15922.000000
172103.000000
-125303.000000
15604.000000
19010.000000
241872.000000
-278266.000000
-15767.000000
-233233.000000
-58468.000000
175129.000000
-112078.000000
153493.000000
-237119.000000
-88633.000000
78049.000000
37460.000000
146572.000000
77733.000000
54743.000000
-259862.000000
-11108.000000
398318.000000
159334.000000
42030.000000
199701.000000
-205020.000000
71243.000000
187641.000000
-223165.000000
-230283.000000
-258646.000000
-235232.000000
-227460.000000
-232848.000000
168179.000000
-10545.000000
15502.000000
-96743.000000
69072.000000
390177.000000
-156756.000000
-243808.000000
95595.000000
89040.000000
288954.000000
-398078.000000
33967.000000
-154242.000000
358912.000000
-60664.000000
-148936.000000
-49884.000000
2035.000000
-54466.000000
159865.000000
18241.000000
539782.000000
208667.000000
-85588.000000
-361008.000000
14861.000000
-21119.000000
79890.000000
-168079.000000
-286595.000000
-30181.000000
364165.000000
-132553.000000
27093.000000
279333.000000
258640.000000
-484753.000000
45071.000000
-31738.000000
-22367.000000
-44464.000000
115562.000000
85603.000000
-401251.000000
-29229.000000
24428.000000
-13853.000000
36971.000000
-158915.000000
43089.000000
70567.000000
294037.000000
-55376.000000
-11583.000000
-173135.000000
-163227.000000
128750.000000
-207076.000000
78866.000000
-264598.000000
159827.000000
-146578.000000
-65341.000000
47902.000000
39941.000000
-90963.000000
-160632.000000
-167573.000000
94585.000000
152572.000000
7124.000000
305034.000000
-55372.000000
250510.000000
69468.000000
-59490.000000
337325.000000
-116170.000000
149837.000000
-394514.000000
-28223.000000
102801.000000
74344.000000
248680.000000
-85766.000000
188470.000000
329025.000000
-134654.000000
115533.000000
183029.000000
-10212.000000
-92769.000000
115285.000000
-173024.000000
3093.000000
57214.000000
-54852.000000
-66549.000000
275471.000000
-316077.000000
-14131.000000
15502.000000
-221677.000000
217087.000000
-208.000000
-118682.000000
-21755.000000
83773.000000
110215.000000
4694.000000
-245925.000000
-124263.000000
14645.000000
-64163.000000
-129257.000000
116887.000000
170269.000000
70189.000000
48440.000000
-95296.000000
-58490.000000
146572.000000
-160915.000000
129692.000000
-193889.000000
470825.000000
-54762.000000
-192276.000000
4465.000000
197333.000000
-300475.000000
-225597.000000
2219.000000
5841.000000
261161.000000
-161883.000000
-208918.000000
-21262.000000
-33803.000000
-256881.000000
-59511.000000
-146578.000000
179347.000000
233322.000000
-342297.000000
98366.000000
83896.000000
39352.000000
201286.000000
-92409.000000
192680.000000
-63321.000000
78226.000000
55218.000000
-3099.000000
101389.000000
88228.000000
-90766.000000
-68548.000000
114607.000000
302405.000000
-159339.000000
246214.000000
-190245.000000
42843.000000
-78024.000000
29050.000000
112826.000000
-87391.000000
22054.000000
-144137.000000
95989.000000
-216770.000000
117543.000000
259376.000000
-341953.000000
-127500.000000
85157.000000
-4691.000000
-86783.000000
-25133.000000
13795.000000
-67389.000000
261450.000000
-195094.000000
92272.000000
193127.000000
-41505.000000
-2843.000000
-173613.000000
-50763.000000
-27492.000000
-100453.000000
-364391.000000
62771.000000
-184835.000000
-216517.000000
-224582.000000
12833.000000
69304.000000
185598.000000
228200.000000
-147538.000000
149586.000000
-82580.000000
136898.000000
166442.000000
68451.000000
22694.000000
230476.000000
-272143.000000
-118956.000000
-12534.000000
-56886.000000
37299.000000
260858.000000
4603.000000
-183769.000000
344357.000000
182407.000000
79809.000000
266992.000000
-67508.000000
99968.000000
105537.000000
583981.000000
-97115.000000
-220236.000000
307244.000000
131858.000000
-232477.000000
275909.000000
-111624.000000
-195604.000000
-168375.000000
33130.000000
-215667.000000
214312.000000
100618.000000
48891.000000
94769.000000
-121595.000000
-173448.000000
108470.000000
-143326.000000
247753.000000
97368.000000
151860.000000
122714.000000
306485.000000
-22343.000000
-191513.000000
93764.000000
69198.000000
-228998.000000
265683.000000
-158277.000000
176268.000000
59489.000000
86126.000000
131888.000000
75010.000000
55672.000000
104221.000000
-33166.000000
-145457.000000
-203622.000000
42638.000000
52543.000000
-262934.000000
-157167.000000
146322.000000
-271183.000000
237585.000000
-33148.000000
117976.000000
129424.000000
344886.000000
-282694.000000
-127111.000000
183128.000000
-252665.000000
175437.000000
123945.000000
-484978.000000
79916.000000
35062.000000
-285037.000000
724.000000
-15794.000000
3577.000000
12127.000000
-81702.000000
-121541.000000
421440.000000
-304093.000000
-111010.000000
-310785.000000
151645.000000
-112634.000000
128830.000000
-300389.000000
52076.000000
-136527.000000
32752.000000
-125242.000000
-153290.000000
-96888.000000
-110964.000000
-44351.000000
-14158.000000
-23997.000000
26198.000000
-15752.000000
-33148.000000
-278639.000000
205729.000000
89164.000000
-72325.000000
-184991.000000
93417.000000
72299.000000
143921.000000
-13390.000000
-273403.000000
53160.000000
-134858.000000
-230793.000000
113574.000000
83131.000000
-206855.000000
-157359.000000
-166286.000000
35232.000000
267139.000000
-111582.000000
-258008.000000
81289.000000
325522.000000
143771.000000
-84347.000000
58765.000000
-17334.000000
-210949.000000
15932.000000
-3822.000000
-17743.000000
34182.000000
2241.000000
-256894.000000
-1568.000000
199979.000000
-189296.000000
-239250.000000
136069.000000
12737.000000
-312997.000000
227956.000000
-96731.000000
-9266.000000
153398.000000
-124306.000000
-238356.000000
-328667.000000
-93500.000000
-12375.000000
287065.000000
-7157.000000
2567.000000
44065.000000
14248.000000
13172.000000
87808.000000
15256.000000
-130228.000000
-161503.000000
81494.000000
-144480.000000
-198758.000000
182540.000000
191259.000000
51836.000000
132184.000000
62375.000000
-31376.000000
147463.000000
-4141.000000
-70482.000000
27275.000000
-102005.000000
-449002.000000
95807.000000
64239.000000
143551.000000
197447.000000
-196319.000000
-8009.000000
-94622.000000
162335.000000
173377.000000
-184890.000000
-234854.000000
-100536.000000
160005.000000
-101755.000000
-69357.000000
88338.000000
107110.000000
-271086.000000
-54815.000000
118792.000000
171329.000000
25207.000000
-373911.000000
842.000000
-10208.000000
4389.000000
-3543.000000
-291583.000000
-69722.000000
-65321.000000
-189841.000000
-638146.000000
288013.000000
-136083.000000
-49142.000000
73027.000000
134753.000000
-283961.000000
232423.000000
-91085.000000
-429186.000000
-18395.000000
19299.000000
-60536.000000
71778.000000
-111526.000000
-208962.000000
-88441.000000
416663.000000
-249702.000000
-144769.000000
160691.000000
45328.000000
-120296.000000
56887.000000
-42496.000000
-99927.000000
-763.000000
-174849.000000
-8800.000000
80034.000000
59630.000000
-371050.000000
195757.000000
-87376.000000
102986.000000
-171192.000000
203445.000000
131553.000000
209087.000000
-234854.000000
116655.000000
-37214.000000
-163680.000000
60911.000000
-15552.000000
-273148.000000
92123.000000
261048.000000
-54184.000000
-171368.000000
204717.000000
-89189.000000
-254707.000000
27500.000000
299193.000000
121358.000000
66148.000000
8955.000000
346435.000000
137834.000000
52354.000000
-214718.000000
5714.000000
276152.000000
-118095.000000
-46057.000000
397767.000000
-162905.000000
-37005.000000
-14927.000000
-184537.000000
300629.000000
198191.000000
-122628.000000
-96235.000000
237245.000000
-181363.000000
36443.000000
35436.000000
-137840.000000
-87201.000000
24487.000000
-59090.000000
157659.000000
-190891.000000
-212033.000000
-88783.000000
-198166.000000
-71903.000000
152223.000000
36173.000000
-169565.000000
-169161.000000
115533.000000
-133080.000000
-188783.000000
150989.000000
-298350.000000
-72031.000000
-51842.000000
-176723.000000
-13152.000000
38751.000000
311103.000000
117093.000000
465.000000
404533.000000
213575.000000
143833.000000
16399.000000
-299032.000000
154770.000000
-33934.000000
30857.000000
37527.000000
-124652.000000
-242071.000000
-61395.000000
-148066.000000
-85898.000000
-62261.000000
172621.000000
-134418.000000
101921.000000
-80519.000000
-250102.000000
67311.000000
68885.000000
18830.000000
154869.000000
238318.000000
-178009.000000
-109473.000000
33766.000000
-211181.000000
-184882.000000
332125.000000
211964.000000
-63838.000000
-354967.000000
271494.000000
-62664.000000
221217.000000
-65732.000000
-259536.000000
38555.000000
-48215.000000
266672.000000
-247334.000000
118924.000000
-67521.000000
4824.000000
-33934.000000
-28107.000000
2115.000000
42024.000000
-54338.000000
-117554.000000
-64810.000000
-20899.000000
-111162.000000
-27923.000000
-39274.000000
105945.000000
-101309.000000
-237398.000000
105842.000000
238351.000000
-70901.000000
-27628.000000
-15021.000000
379853.000000
83954.000000
6373.000000
-283250.000000
90290.000000
-34717.000000
21697.000000
-39289.000000
-248983.000000
-10345.000000
194414.000000
-59211.000000
266472.000000
180157.000000
99670.000000
36054.000000
-497670.000000
320572.000000
58814.000000
-53903.000000
298847.000000
-301921.000000
8312.000000
-21963.000000
-91551.000000
5478.000000
80336.000000
140246.000000
-110984.000000
141409.000000
6641.000000
-137307.000000
40410.000000
180157.000000
120738.000000
124104.000000
11610.000000
16997.000000
-393960.000000
91865.000000
110686.000000
-121984.000000
-44558.000000
128339.000000
60230.000000
110117.000000
48136.000000
-38087.000000
-124577.000000
165916.000000
77078.000000
-94607.000000
-61485.000000
135821.000000
109193.000000
-31236.000000
-15761.000000
162377.000000
170238.000000
-132948.000000
167777.000000
-74627.000000
35922.000000
-46897.000000
-38097.000000
17766.000000
198709.000000
-184680.000000
-100027.000000
31641.000000
140318.000000
-27039.000000
-188414.000000
125206.000000
334724.000000
108853.000000
-119460.000000
-47453.000000
16013.000000
-26787.000000
-76997.000000
4923.000000
-59556.000000
-127593.000000
-212010.000000
-132226.000000
40915.000000
-119079.000000
44636.000000
-10182.000000
-73392.000000
414590.000000
69585.000000
-74430.000000
-151895.000000
67656.000000
215821.000000
-79814.000000
-8302.000000
-231767.000000
-15517.000000
31763.000000
-53105.000000
137491.000000
-321652.000000
-156030.000000
-11190.000000
20591.000000
-103513.000000
96206.000000
7481.000000
-104413.000000
146848.000000
340293.000000
143565.000000
-129380.000000
104591.000000
-132505.000000
226497.000000
25708.000000
56610.000000
-80278.000000
-103301.000000
-136439.000000
31875.000000
-111790.000000
-4595.000000
284551.000000
-110984.000000
119584.000000
91445.000000
347910.000000
-221434.000000
-34748.000000
-14384.000000
-259293.000000
-165549.000000
-80048.000000
-65448.000000
339211.000000
-379523.000000
-316905.000000
369648.000000
127424.000000
406735.000000
-168569.000000
-194138.000000
-155472.000000
-117106.000000
-135864.000000
-132687.000000
-233520.000000
-160040.000000
202745.000000
224124.000000
-294893.000000
49473.000000
148834.000000
-1980.000000
184153.000000
-117383.000000
103145.000000
212832.000000
-125657.000000
-122291.000000
302565.000000
57994.000000
13134.000000
-79505.000000
184848.000000
-93756.000000
99160.000000
28964.000000
-256783.000000
-36030.000000
-161406.000000
-225346.000000
-131047.000000
-52664.000000
354252.000000
138165.000000
-151660.000000
123796.000000
-15937.000000
-3557.000000
29149.000000
-40341.000000
-268960.000000
-52250.000000
-168136.000000
-170331.000000
116382.000000
-159923.000000
-113299.000000
-228447.000000
46694.000000
-37141.000000
398532.000000
-68496.000000
-199146.000000
217069.000000
-116333.000000
-286703.000000
123538.000000
-35530.000000
-202909.000000
302866.000000
65454.000000
-314004.000000
214290.000000
-618490.000000
102856.000000
119310.000000
130977.000000
9419.000000
-303508.000000
-7562.000000
-241936.000000
-220201.000000
75211.000000
165800.000000
103145.000000
-203205.000000
-182185.000000
-159885.000000
-65984.000000
82157.000000
57544.000000
-288859.000000
-64409.000000
-285751.000000
152172.000000
-49757.000000
322715.000000
-102828.000000
-28656.000000
-236786.000000
73371.000000
74807.000000
-140263.000000
-22589.000000
86119.000000
-309189.000000
100584.000000
-1565.000000
-336003.000000
-443850.000000
-81833.000000
78380.000000
-188578.000000
-26661.000000
-184879.000000
-123770.000000
160648.000000
-174470.000000
158960.000000
-111199.000000
154201.000000
-96481.000000
37139.000000
-270333.000000
207375.000000
6779.000000
265106.000000
-442252.000000
340855.000000
-303056.000000
157114.000000
131943.000000
-144431.000000
203588.000000
-150683.000000
355033.000000
147149.000000
7696.000000
-174885.000000
-149533.000000
-111889.000000
-122760.000000
193661.000000
-256196.000000
-60612.000000
184773.000000
95767.000000
-5699.000000
409622.000000
-180335.000000
-173533.000000
-144597.000000
-44929.000000
65300.000000
54833.000000
-263647.000000
-180526.000000
-143600.000000
-96097.000000
27613.000000
-193833.000000
-18203.000000
78072.000000
-57433.000000
-384957.000000
283651.000000
117936.000000
58093.000000
-175301.000000
-188593.000000
120854.000000
-8310.000000
159758.000000
-18572.000000
102706.000000
39217.000000
148384.000000
180233.000000
67276.000000
-56716.000000
206531.000000
-107710.000000
-225746.000000
-119408.000000
97298.000000
-99087.000000
-99212.000000
-180401.000000
76603.000000
275632.000000
18900.000000
-165880.000000
173247.000000
56050.000000
236540.000000
-255569.000000
46986.000000
457150.000000
-203893.000000
-185289.000000
39259.000000
143715.000000
-37256.000000
29097.000000
-164842.000000
-16029.000000
350764.000000
-219868.000000
-102162.000000
79664.000000
27512.000000
-290934.000000
224140.000000
-247442.000000
113195.000000
79824.000000
-122636.000000
228747.000000
54774.000000
4281.000000
125328.000000
243526.000000
-248122.000000
105724.000000
27919.000000
-209821.000000
214215.000000
-61988.000000
120146.000000
-24845.000000
47884.000000
-180280.000000
181867.000000
-41589.000000
-202693.000000
-305310.000000
-35856.000000
36371.000000
-318308.000000
-86751.000000
222081.000000
-105243.000000
72287.000000
-78335.000000
-221526.000000
86044.000000
250288.000000
-186641.000000
293719.000000
-41373.000000
-244523.000000
188260.000000
-310189.000000
73610.000000
167364.000000
187303.000000
-175154.000000
208849.000000
4454.000000
-165590.000000
-200112.000000
29274.000000
95653.000000
104386.000000
-289578.000000
224790.000000
187431.000000
13660.000000
49453.000000
-193128.000000
-37492.000000
42825.000000
-217187.000000
42146.000000
201293.000000
67113.000000
-325868.000000
-37128.000000
75553.000000
307853.000000
179992.000000
68925.000000
-341800.000000
175639.000000
90450.000000
-263286.000000
87385.000000
-512306.000000
137096.000000
-2108.000000
81219.000000
-87882.000000
253903.000000
47176.000000
41796.000000
-65052.000000
117240.000000
-53698.000000
-20081.000000
-68600.000000
173781.000000
38990.000000
-238358.000000
158261.000000
-84496.000000
-6893.000000
343174.000000
140035.000000
-84624.000000
175610.000000
-141213.000000
-15210.000000
86397.000000
-47596.000000
-151652.000000
-243956.000000
-97127.000000
-194311.000000
118471.000000
160388.000000
32803.000000
-172402.000000
167133.000000
184317.000000
-291766.000000
-10037.000000
162024.000000
-39721.000000
264475.000000
-337091.000000
-368231.000000
165093.000000
212690.000000
-86758.000000
38799.000000
-230174.000000
-147323.000000
59318.000000
-337626.000000
-37384.000000
-16789.000000
67663.000000
-221071.000000
175429.000000
141466.000000
309571.000000
174344.000000
-72788.000000
25217.000000
-55815.000000
184383.000000
234195.000000
59869.000000
340943.000000
89108.000000
-524343.000000
255133.000000
102086.000000
135390.000000
-229867.000000
58073.000000
-116370.000000
-131678.000000
158051.000000
-160696.000000
64302.000000
45649.000000
58282.000000
-41514.000000
-52069.000000
-60137.000000
218946.000000
-215794.000000
-27566.000000
364697.000000
17292.000000
-165085.000000
-107416.000000
-123466.000000
168432.000000
460972.000000
-18855.000000
306954.000000
25697.000000
-261994.000000
-37111.000000
340318.000000
-235166.000000
135100.000000
73807.000000
-213084.000000
-122731.000000
297961.000000
-226795.000000
-110870.000000
157805.000000
22378.000000
247358.000000
119645.000000
-207719.000000
148945.000000
105029.000000
-297689.000000
-112626.000000
276601.000000
-331039.000000
135837.000000
122612.000000
-144972.000000
-160072.000000
133080.000000
-193083.000000
-139147.000000
83077.000000
-37379.000000
-75568.000000
85334.000000
-47272.000000
154544.000000
-134701.000000
200375.000000
-396137.000000
88757.000000
213684.000000
-71013.000000
-59662.000000
224434.000000
-79698.000000
-407112.000000
-230801.000000
-57754.000000
189085.000000
-67268.000000
-221736.000000
-271584.000000
-55698.000000
17366.000000
65171.000000
75374.000000
-226143.000000
117957.000000
235046.000000
-143070.000000
15768.000000
484229.000000
-295208.000000
-112697.000000
-57083.000000
213001.000000
-16293.000000
176130.000000
-20508.000000
238976.000000
88175.000000
30089.000000
-208328.000000
286433.000000
-139172.000000
-138486.000000
99667.000000
-95480.000000
-144133.000000
30391.000000
134428.000000
-188075.000000
40936.000000
7890.000000
51372.000000
-920.000000
94531.000000
-61368.000000
-109674.000000
-59753.000000
-328724.000000
7715.000000
-259709.000000
-70993.000000
-30362.000000
-236729.000000
-72823.000000
-64838.000000
-82306.000000
147339.000000
61428.000000
-344730.000000
14275.000000
238238.000000
53005.000000
-178343.000000
182909.000000
101586.000000
-8190.000000
143310.000000
93892.000000
28170.000000
-87086.000000
-29977.000000
-169274.000000
-157546.000000
216774.000000
-37316.000000
35881.000000
121702.000000
-171591.000000
90649.000000
123499.000000
42409.000000
-347091.000000
252604.000000
-43467.000000
-81961.000000
192601.000000
-305173.000000
164037.000000
-155297.000000
155327.000000
-154550.000000
197463.000000
85380.000000
249393.000000
-77062.000000
12073.000000
-318364.000000
174743.000000
151822.000000
-99793.000000
-47424.000000
111654.000000
-307321.000000
-75863.000000
64017.000000
-10904.000000
69740.000000
80083.000000
-261462.000000
39137.000000
154544.000000
-476514.000000
-49162.000000
109672.000000
241288.000000
193719.000000
-102209.000000
137729.000000
431.000000
92169.000000
-153726.000000
-237571.000000
158258.000000
299444.000000
-250379.000000
-188636.000000
136308.000000
30966.000000
-359043.000000
185879.000000
-226.000000
-11002.000000
95388.000000
90600.000000
65742.000000
21204.000000
-48422.000000
70717.000000
75225.000000
-83570.000000
-101883.000000
245278.000000
9872.000000
24573.000000
-172300.000000
9876.000000
-106149.000000
6278.000000
-32313.000000
131373.000000
-107856.000000
35130.000000
-115963.000000
-212046.000000
-23155.000000
-257304.000000
-50986.000000
71538.000000
103419.000000
12504.000000
102130.000000
48673.000000
7372.000000
39809.000000
-9982.000000
137648.000000
255826.000000
-57818.000000
57665.000000
194661.000000
-134042.000000
90570.000000
68815.000000
-251975.000000
151945.000000
-17305.000000
-61496.000000
-132131.000000
288592.000000
116369.000000
-65630.000000
-224447.000000
24947.000000
-49542.000000
-133059.000000
-107362.000000
162653.000000
172086.000000
-277812.000000
-274227.000000
80585.000000
106029.000000
138666.000000
169002.000000
176283.000000
-138969.000000
128.000000
-63038.000000
156341.000000
-143012.000000
-29128.000000
-82397.000000
-49172.000000
-409209.000000
-176770.000000
320482.000000
-187444.000000
198015.000000
-44493.000000
47284.000000
2966.000000
100665.000000
-64243.000000
281510.000000
32419.000000
195668.000000
85617.000000
-89441.000000
-47346.000000
182732.000000
31177.000000
103228.000000
49166.000000
-246147.000000
191531.000000
-219373.000000
63364.000000
292401.000000
25465.000000
-447122.000000
211655.000000
40494.000000
75319.000000
-1994.000000
-320464.000000
221858.000000
3302.000000
93616.000000
222120.000000
255556.000000
-59073.000000
31167.000000
-359531.000000
41947.000000
11807.000000
466771.000000
-487824.000000
111896.000000
-15743.000000
-187331.000000
241406.000000
157203.000000
169971.000000
168543.000000
-49284.000000
-11510.000000
-83809.000000
266652.000000
151826.000000
-9287.000000
39815.000000
-125948.000000
84351.000000
255308.000000
35114.000000
22859.000000
275294.000000
-179074.000000
-283818.000000
-6252.000000
-342731.000000
91668.000000
-147421.000000
-256283.000000
162686.000000
109247.000000
-178425.000000
227963.000000
-125664.000000
-70806.000000
-47404.000000
-113112.000000
61837.000000
255308.000000
-447065.000000
-23588.000000
-13804.000000
57660.000000
-533509.000000
-8305.000000
-264852.000000
336377.000000
-2469.000000
-193900.000000
-31989.000000
154197.000000
-516692.000000
269984.000000
4913.000000
-39898.000000
95253.000000
138218.000000
-126036.000000
122718.000000
73844.000000
-2787.000000
-204483.000000
67955.000000
-138395.000000
-169391.000000
16941.000000
-103741.000000
-89428.000000
-24398.000000
-95722.000000
-191508.000000
208077.000000
11316.000000
287749.000000
-382273.000000
-250212.000000
3593.000000
-31282.000000
-249935.000000
128604.000000
312455.000000
-187107.000000
342505.000000
109835.000000
291686.000000
-114129.000000
-234811.000000
101759.000000
50676.000000
-91977.000000
101446.000000
64387.000000
-390409.000000
131244.000000
262716.000000
-92690.000000
279713.000000
-114952.000000
-315470.000000
202130.000000
168498.000000
-154867.000000
-25606.000000
109162.000000
-165819.000000
195524.000000
-92870.000000
567506.000000
39816.000000
47078.000000
-324448.000000
42329.000000
211142.000000
79259.000000
100022.000000
-248599.000000
63386.000000
-171755.000000
-4609.000000
-79088.000000
124997.000000
105934.000000
137701.000000
-60785.000000
155458.000000
142333.000000
-135888.000000
44304.000000
187144.000000
-10377.000000
-21263.000000
186412.000000
99108.000000
-61142.000000
-14685.000000
-92046.000000
11993.000000
35650.000000
-199636.000000
-138476.000000
-105396.000000
-132988.000000
-168371.000000
-67688.000000
-143318.000000
58776.000000
-85455.000000
54728.000000
6371.000000
-140947.000000
234230.000000
-220521.000000
27007.000000
-72794.000000
-50521.000000
272562.000000
10687.000000
3913.000000
-54908.000000
37571.000000
288716.000000
-53160.000000
32492.000000
89103.000000
135145.000000
189846.000000
260847.000000
45086.000000
38034.000000
-105972.000000
-134175.000000
-200870.000000
-35096.000000
104255.000000
-234329.000000
-69046.000000
194329.000000
-90338.000000
192054.000000
-82033.000000
28906.000000
-52563.000000
-75817.000000
-7102.000000
130671.000000
55609.000000
-85455.000000
-271718.000000
-111130.000000
-193236.000000
-29496.000000
164859.000000
-97469.000000
-57921.000000
-73705.000000
41398.000000
-95631.000000
-268495.000000
53382.000000
-326392.000000
-260789.000000
96391.000000
177617.000000
62049.000000
-37918.000000
-449472.000000
355880.000000
-121714.000000
-12416.000000
100275.000000
-9752.000000
80795.000000
65769.000000
-255986.000000
174826.000000
-65590.000000
-143678.000000
-159770.000000
-175769.000000
233184.000000
38630.000000
42308.000000
-263641.000000
-103255.000000
89646.000000
-137663.000000
-66828.000000
-235878.000000
-107084.000000
-59927.000000
46112.000000
173711.000000
142888.000000
332102.000000
-216291.000000
3009.000000
-43350.000000
-27974.000000
-52243.000000
197197.000000
-272558.000000
36087.000000
142082.000000
-87150.000000
-324590.000000
73238.000000
-200757.000000
-146681.000000
-72642.000000
6318.000000
185189.000000
-122175.000000
-123729.000000
-32879.000000
134934.000000
83808.000000
-309047.000000
19967.000000
35882.000000
-27140.000000
-67801.000000
-91889.000000
-43568.000000
-274824.000000
51174.000000
-451042.000000
278599.000000
335581.000000
-88696.000000
-126824.000000
170535.000000
39810.000000
383074.000000
17695.000000
-384595.000000
-109674.000000
30418.000000
7274.000000
-31231.000000
175880.000000
38028.000000
-29448.000000
118408.000000
-369932.000000
-32161.000000
330868.000000
-261923.000000
-28186.000000
35978.000000
-46943.000000
-168779.000000
-33759.000000
-74006.000000
221312.000000
-132368.000000
-83931.000000
105114.000000
248465.000000
273664.000000
-289974.000000
-84125.000000
143881.000000
61618.000000
-179395.000000
-36867.000000
-126053.000000
67245.000000
-110513.000000
342306.000000
-324817.000000
267207.000000
5851.000000
-157103.000000
216082.000000
-201518.000000
-104664.000000
70639.000000
-288579.000000
-334532.000000
223884.000000
80821.000000
-152977.000000
-124888.000000
-60624.000000
-132127.000000
-130674.000000
-166103.000000
45519.000000
-34500.000000
8794.000000
48676.000000
226703.000000
-76657.000000
217478.000000
-275394.000000
-272752.000000
119434.000000
222996.000000
-170511.000000
-113472.000000
198347.000000
226541.000000
-94102.000000
-307371.000000
175204.000000
-99790.000000
51003.000000
-139486.000000
63884.000000
3068.000000
330601.000000
-325923.000000
-61723.000000
120636.000000
62554.000000
-352610.000000
25268.000000
-370522.000000
298010.000000
-134193.000000
-340473.000000
-195964.000000
207987.000000
74333.000000
120430.000000
-95132.000000
-23644.000000
338992.000000
-525544.000000
-285120.000000
84877.000000
212554.000000
-12020.000000
36076.000000
11372.000000
-289462.000000
41567.000000
-143706.000000
130317.000000
-300110.000000
152032.000000
-264935.000000
-79791.000000
-127868.000000
110618.000000
96662.000000
68672.000000
67671.000000
-158626.000000
42052.000000
-27097.000000
-34012.000000
-94796.000000
366336.000000
-14556.000000
19685.000000
-235165.000000
318037.000000
-16602.000000
244536.000000
-339599.000000
351968.000000
-133121.000000
-39674.000000
24327.000000
173215.000000
-39886.000000
-20092.000000
-224846.000000
-20888.000000
135958.000000
-129891.000000
-190809.000000
6676.000000
-156910.000000
35491.000000
297089.000000
-164932.000000
-123909.000000
196438.000000
117625.000000
-199007.000000
-202335.000000
136792.000000
-108237.000000
-209093.000000
433090.000000
-237469.000000
-45437.000000
294084.000000
-337441.000000
-46597.000000
89857.000000
-27170.000000
-28963.000000
198406.000000
-62904.000000
220809.000000
-262266.000000
-185788.000000
1169.000000
100780.000000
-303301.000000
131055.000000
-275730.000000
-41865.000000
313143.000000
-247706.000000
108815.000000
-69540.000000
446588.000000
-128436.000000
-129213.000000
-12097.000000
-330811.000000
-158958.000000
-92450.000000
-422138.000000
-403479.000000
156698.000000
9180.000000
-162868.000000
135696.000000
-82756.000000
-262305.000000
-136957.000000
127927.000000
-187244.000000
45824.000000
-302145.000000
-130928.000000
-18555.000000
-45667.000000
30032.000000
225579.000000
91168.000000
-21571.000000
-21539.000000
-42394.000000
-914.000000
72554.000000
-262025.000000
-80083.000000
135437.000000
73584.000000
-143639.000000
-70689.000000
-72792.000000
207377.000000
-444524.000000
336680.000000
163930.000000
210521.000000
18132.000000
-75009.000000
-230234.000000
36672.000000
70548.000000
135944.000000
-166568.000000
-369102.000000
175936.000000
-62492.000000
-13302.000000
129967.000000
-7859.000000
-258639.000000
-122109.000000
-29521.000000
-74671.000000
-103000.000000
-120148.000000
178428.000000
-213840.000000
12880.000000
-32212.000000
126957.000000
103757.000000
-72244.000000
-94565.000000
-203464.000000
12638.000000
-432984.000000
-38413.000000
14144.000000
-103469.000000
-58596.000000
10356.000000
-143100.000000
-57616.000000
-46355.000000
113691.000000
186685.000000
-70323.000000
14192.000000
-214617.000000
-38852.000000
12672.000000
178401.000000
-104798.000000
164724.000000
8891.000000
-302133.000000
27383.000000
322887.000000
181350.000000
-130656.000000
-271197.000000
106399.000000
344763.000000
-98194.000000
-210088.000000
-162057.000000
-269434.000000
-211029.000000
-102015.000000
38534.000000
-97590.000000
144997.000000
235862.000000
-339851.000000
168774.000000
10764.000000
-18094.000000
-277916.000000
84029.000000
22926.000000
-89511.000000
-89189.000000
-155552.000000
-43769.000000
130975.000000
-52924.000000
-185040.000000
-140364.000000
34373.000000
-147514.000000
43985.000000
-76137.000000
260296.000000
-10479.000000
107394.000000
43030.000000
218339.000000
220912.000000
-39812.000000
228909.000000
-69377.000000
400331.000000
-279633.000000
128266.000000
-62186.000000
131756.000000
-123579.000000
-194170.000000
-75276.000000
83495.000000
50823.000000
208710.000000
-167770.000000
-177560.000000
86114.000000
45379.000000
176615.000000
-60364.000000
231167.000000
-119267.000000
-266046.000000
87141.000000
48759.000000
-31323.000000
-6178.000000
65760.000000
-138774.000000
46468.000000
46760.000000
-26976.000000
-60468.000000
-34674.000000
-199849.000000
-177829.000000
-146085.000000
116256.000000
48537.000000
-225774.000000
-34568.000000
127902.000000
-332640.000000
146589.000000
-151681.000000
202079.000000
-134197.000000
-88707.000000
-271441.000000
68043.000000
-63739.000000
115861.000000
441940.000000
-136970.000000
-17384.000000
199746.000000
-109076.000000
-514567.000000
-4014.000000
-29823.000000
-90978.000000
-37756.000000
-427681.000000
-45735.000000
152855.000000
310400.000000
-130105.000000
-35747.000000
-49495.000000
-88396.000000
-138508.000000
95384.000000
145480.000000
188359.000000
-48607.000000
-146627.000000
199540.000000
10389.000000
-54579.000000
-32393.000000
-110273.000000
119261.000000
-36143.000000
-421373.000000
87211.000000
128767.000000
-81974.000000
67483.000000
-285836.000000
187843.000000
-6248.000000
-214389.000000
-71657.000000
255048.000000
-86587.000000
-105435.000000
20378.000000
-224630.000000
-64422.000000
177679.000000
-220921.000000
301308.000000
-30151.000000
-282839.000000
-232618.000000
86735.000000
-124908.000000
547820.000000
-81463.000000
-91261.000000
157009.000000
-389611.000000
66955.000000
-130079.000000
-86587.000000
-153592.000000
143216.000000
-299915.000000
17848.000000
-202872.000000
158475.000000
4589.000000
65350.000000
-271175.000000
-85273.000000
100784.000000
-193490.000000
61050.000000
98585.000000
204129.000000
-38583.000000
-184244.000000
-51652.000000
49714.000000
-17656.000000
-212413.000000
126836.000000
16512.000000
-256517.000000
43725.000000
-54459.000000
-142529.000000
-106987.000000
-6391.000000
-139721.000000
167952.000000
227579.000000
119699.000000
99082.000000
-121282.000000
66959.000000
-104692.000000
78943.000000
52405.000000
179221.000000
-186607.000000
-260927.000000
-174863.000000
-3967.000000
-145570.000000
86240.000000
19488.000000
12082.000000
74322.000000
67706.000000
92519.000000
157092.000000
-263940.000000
173124.000000
122875.000000
-428225.000000
454058.000000
205080.000000
-96043.000000
-272045.000000
46003.000000
-150061.000000
-305325.000000
194258.000000
-460253.000000
95675.000000
116568.000000
-225272.000000
154757.000000
-19282.000000
25764.000000
60457.000000
-163720.000000
142205.000000
86081.000000
-214705.000000
127248.000000
-261384.000000
60657.000000
175281.000000
231820.000000
-384751.000000
-164167.000000
66949.000000
-24508.000000
50726.000000
27465.000000
-53802.000000
88722.000000
-26609.000000
-62936.000000
5890.000000
-39446.000000
-94462.000000
-34414.000000
-161666.000000
-27538.000000
83364.000000
3694.000000
-206510.000000
85810.000000
-37068.000000
-480515.000000
-376624.000000
139933.000000
-32563.000000
-36499.000000
-186810.000000
4311.000000
215446.000000
-83921.000000
-232559.000000
-290918.000000
93875.000000
-107597.000000
-104267.000000
-200563.000000
89971.000000
-152459.000000
75434.000000
9254.000000
-29861.000000
-220689.000000
3250.000000
13903.000000
107750.000000
240252.000000
-39356.000000
-90678.000000
7527.000000
82753.000000
25975.000000
-128885.000000
-151079.000000
187440.000000
154415.000000
-120777.000000
-80318.000000
-47820.000000
-348727.000000
-27519.000000
-71141.000000
-118061.000000
40757.000000
305441.000000
62832.000000
269394.000000
1384.000000
-224432.000000
112305.000000
-102384.000000
276796.000000
107448.000000
-40198.000000
234529.000000
-309163.000000
162025.000000
64745.000000
127181.000000
-213539.000000
-22456.000000
-323827.000000
-24016.000000
-120665.000000
22228.000000
169071.000000
212887.000000
-279729.000000
73628.000000
-90912.000000
252293.000000
-97121.000000
36377.000000
-62362.000000
348272.000000
-186049.000000
-167135.000000
-62645.000000
-183076.000000
225358.000000
72648.000000
4793.000000
36289.000000
460030.000000
-116128.000000
-138930.000000
-98529.000000
-124115.000000
-29376.000000
103328.000000
-73490.000000
113574.000000
-33511.000000
11376.000000
166137.000000
-104891.000000
82420.000000
123495.000000
221333.000000
94288.000000
157274.000000
21438.000000
188684.000000
-8000.000000
167175.000000
98757.000000
-52079.000000
-197292.000000
395225.000000
331541.000000
-85310.000000
82282.000000
-35455.000000
37208.000000
-342150.000000
-13532.000000
-236785.000000
191981.000000
26763.000000
177293.000000
-212612.000000
283245.000000
147576.000000
-52050.000000
-4904.000000
-9545.000000
201033.000000
-317095.000000
210083.000000
-109072.000000
-358258.000000
11811.000000
-149981.000000
-325580.000000
38674.000000
261816.000000
-77935.000000
-225279.000000
-139044.000000
269661.000000
-132192.000000
-118562.000000
173737.000000
331067.000000
50587.000000
-68275.000000
458260.000000
-196894.000000
99756.000000
-13328.000000
-18157.000000
-176504.000000
87449.000000
154117.000000
-223240.000000
-95455.000000
-134193.000000
309761.000000
-263025.000000
-19312.000000
-86689.000000
-70439.000000
-214447.000000
-208236.000000
117253.000000
93650.000000
-444922.000000
-96871.000000
464251.000000
-123837.000000
203946.000000
279832.000000
-162079.000000
128969.000000
46183.000000
-182907.000000
-316216.000000
-139945.000000
-240854.000000
-150271.000000
-56978.000000
-324393.000000
254038.000000
-63939.000000
-193443.000000
191387.000000
-82881.000000
-320173.000000
-253052.000000
-64501.000000
-191334.000000
408384.000000
-11085.000000
71637.000000
113809.000000
-251829.000000
29470.000000
-268633.000000
-24614.000000
-215534.000000
-244322.000000
-238628.000000
57691.000000
170685.000000
-170749.000000
362651.000000
-134108.000000
-165284.000000
81764.000000
128927.000000
-170940.000000
51475.000000
48807.000000
-77472.000000
-297470.000000
-245400.000000
221960.000000
188725.000000
46538.000000
-167942.000000
40480.000000
293264.000000
-88471.000000
-140188.000000
-432889.000000
112040.000000
53469.000000
-49939.000000
55284.000000
104438.000000
-250369.000000
86096.000000
-170953.000000
-114132.000000
182241.000000
37710.000000
-65429.000000
48271.000000
-75015.000000
237325.000000
-215525.000000
-112630.000000
94630.000000
-41369.000000
302478.000000
-205366.000000
84996.000000
-117130.000000
-121387.000000
-107222.000000
151981.000000
103114.000000
-216553.000000
318196.000000
-251354.000000
-143459.000000
-23942.000000
279462.000000
-159089.000000
94198.000000
289909.000000
115424.000000
-169503.000000
157728.000000
-187118.000000
129694.000000
76932.000000
12613.000000
-57491.000000
251544.000000
-4343.000000
-206994.000000
-23797.000000
252326.000000
-88481.000000
-204664.000000
-11909.000000
26287.000000
-1418.000000
79558.000000
-97023.000000
-68250.000000
192158.000000
115352.000000
-217181.000000
231174.000000
-36904.000000
64729.000000
-110318.000000
-287277.000000
-76321.000000
380234.000000
-18138.000000
-12124.000000
338080.000000
-36085.000000
191063.000000
-175854.000000
3100.000000
-129870.000000
94588.000000
-124481.000000
-79689.000000
-53335.000000
-34489.000000
158025.000000
-27252.000000
-126180.000000
-42233.000000
286040.000000
-101322.000000
-157013.000000
-175415.000000
-117190.000000
176284.000000
10062.000000
253539.000000
130078.000000
-388151.000000
-36736.000000
-6365.000000
-80121.000000
-28988.000000
57415.000000
-389260.000000
-169650.000000
94166.000000
62134.000000
-45672.000000
310928.000000
-160357.000000
-106913.000000
-1548.000000
99983.000000
253511.000000
-15433.000000
42830.000000
-83689.000000
32533.000000
-133042.000000
45039.000000
88332.000000
32973.000000
12200.000000
-231094.000000
154616.000000
-187084.000000
-34606.000000
-197233.000000
36224.000000
26946.000000
209794.000000
-224996.000000
-235576.000000
238445.000000
3658.000000
-155003.000000
-62908.000000
-218646.000000
-102271.000000
459447.000000
-260482.000000
-89619.000000
-192003.000000
-65292.000000
269418.000000
153466.000000
-3901.000000
75351.000000
29484.000000
14741.000000
-36401.000000
61443.000000
258967.000000
-28905.000000
-303901.000000
95329.000000
-235393.000000
283061.000000
-433306.000000
-74059.000000
249919.000000
347472.000000
24915.000000
-141602.000000
273364.000000
102533.000000
42115.000000
-44709.000000
43289.000000
353637.000000
-111290.000000
-376749.000000
38175.000000
-81351.000000
177449.000000
-154779.000000
-136306.000000
-198402.000000
-25445.000000
213897.000000
-278586.000000
4547.000000
-160293.000000
68820.000000
108758.000000
-353464.000000
232572.000000
405641.000000
-125666.000000
-20042.000000
317855.000000
-28369.000000
40223.000000
42425.000000
179833.000000
-89345.000000
-204943.000000
-135073.000000
-260174.000000
-293654.000000
125444.000000
216463.000000
-233942.000000
73019.000000
66320.000000
-232082.000000
134359.000000
-26365.000000
61075.000000
18587.000000
302201.000000
-296592.000000
144433.000000
-107012.000000
-112228.000000
117589.000000
-207425.000000
-44224.000000
37496.000000
-48897.000000
-203245.000000
276651.000000
-1438.000000
-298000.000000
-66326.000000
18809.000000
-68268.000000
64415.000000
-72885.000000
-154121.000000
188603.000000
-86629.000000
-563716.000000
8856.000000
265055.000000
185616.000000
-272960.000000
123654.000000
144327.000000
159687.000000
62537.000000
-229133.000000
-97607.000000
93992.000000
-84712.000000
-24142.000000
177856.000000
35251.000000
219919.000000
-328619.000000
202987.000000
-333845.000000
149125.000000
-73907.000000
-232897.000000
418084.000000
86192.000000
-6030.000000
-311705.000000
177685.000000
-209023.000000
349026.000000
-196164.000000
172913.000000
38488.000000
-49785.000000
-192645.000000
103359.000000
375297.000000
374065.000000
-220261.000000
-276073.000000
26466.000000
245507.000000
144678.000000
-28756.000000
23151.000000
-184377.000000
281973.000000
-181862.000000
422237.000000
196505.000000
-174219.000000
-93426.000000
-216713.000000
-106067.000000
218865.000000
-263161.000000
-40776.000000
-9559.000000
-124688.000000
16931.000000
224196.000000
-58052.000000
-153658.000000
-150332.000000
-300905.000000
13050.000000
192965.000000
-39536.000000
113090.000000
189722.000000
-378938.000000
-82950.000000
28512.000000
-90948.000000
124944.000000
-272134.000000
-149539.000000
119780.000000
-181589.000000
236234.000000
-128568.000000
45973.000000
202707.000000
-107635.000000
-235878.000000
-103430.000000
-242307.000000
-294210.000000
340540.000000
207218.000000
-263579.000000
17886.000000
-341528.000000
-52322.000000
187385.000000
-19973.000000
-75707.000000
151317.000000
-218893.000000
7886.000000
48188.000000
67394.000000
108768.000000
-276288.000000
-114032.000000
50880.000000
163726.000000
159546.000000
-152706.000000
178755.000000
-27671.000000
192872.000000
4334.000000
-135866.000000
-15558.000000
-161237.000000
-12692.000000
93836.000000
28658.000000
27134.000000
98564.000000
-374300.000000
25089.000000
102258.000000
-67637.000000
-36973.000000
98191.000000
-154881.000000
167621.000000
46481.000000
-15707.000000
-53926.000000
19362.000000
-316326.000000
242045.000000
-38157.000000
111373.000000
64911.000000
95807.000000
-268441.000000
78350.000000
5364.000000
135945.000000
68150.000000
49014.000000
343429.000000
216670.000000
-211248.000000
117422.000000
196766.000000
-335033.000000
-130148.000000
103323.000000
-81546.000000
306624.000000
6058.000000
-34424.000000
187151.000000
236307.000000
-242338.000000
143734.000000
-104011.000000
-50281.000000
51837.000000
161474.000000
-318109.000000
35001.000000
-47768.000000
13642.000000
-64132.000000
-189319.000000
-79721.000000
120270.000000
-157164.000000
181424.000000
-138541.000000
277519.000000
-6404.000000
-87702.000000
-164235.000000
141798.000000
-214320.000000
-23500.000000
4177.000000
93968.000000
-52547.000000
-283309.000000
-43369.000000
-119225.000000
13059.000000
-15718.000000
-88813.000000
-68038.000000
78033.000000
-15181.000000
50653.000000
89211.000000
-20170.000000
-92982.000000
143319.000000
48909.000000
49210.000000
98269.000000
-301439.000000
155813.000000
-296636.000000
-125308.000000
-303729.000000
-41494.000000
46923.000000
109696.000000
85983.000000
39386.000000
-33477.000000
126953.000000
-217732.000000
-108532.000000
279399.000000
43057.000000
85005.000000
-154981.000000
-388579.000000
-21775.000000
-148887.000000
-209033.000000
