-2336.000000
-9941.000000
-19064.000000
18186.000000
-1029.000000
8317.000000
7489.000000
-32628.000000
-49404.000000
-25537.000000
5773.000000
9424.000000
-2537.000000
20238.000000
31944.000000
5158.000000
-30222.000000
-8330.000000
3243.000000
16885.000000
-6478.000000
-5155.000000
-23559.000000
26461.000000
-9929.000000
-21213.000000
12526.000000
4009.000000
-16633.000000
-33377.000000
23742.000000
-1316.000000
15901.000000
7290.000000
-13627.000000
-2795.000000
22822.000000
-11217.000000
-22343.000000
15223.000000
12691.000000
-20344.000000
27360.000000
23045.000000
-12021.000000
-9515.000000
20601.000000
23944.000000
-12296.000000
34612.000000
-7625.000000
-16580.000000
13212.000000
-8389.000000
2914.000000
17367.000000
2164.000000
-16543.000000
-613.000000
1288.000000
-6554.000000
-23534.000000
11578.000000
15692.000000
16237.000000
-33779.000000
7550.000000
10720.000000
-28198.000000
-9529.000000
21891.000000
-15812.000000
-38629.000000
461.000000
31996.000000
-8031.000000
12526.000000
11417.000000
2532.000000
-2435.000000
20069.000000
-14748.000000
6032.000000
10554.000000
-3572.000000
9985.000000
19547.000000
-13843.000000
-15229.000000
6687.000000
31758.000000
3266.000000
-5329.000000
11720.000000
15617.000000
1747.000000
17834.000000
11594.000000
-16866.000000
-9646.000000
-11025.000000
-22946.000000
-12155.000000
11950.000000
-18251.000000
7413.000000
5155.000000
-20419.000000
25427.000000
-8292.000000
-29213.000000
-255.000000
-11398.000000
-32311.000000
-4282.000000
7651.000000
-5319.000000
-12921.000000
-10224.000000
-15591.000000
12188.000000
14761.000000
674.000000
3400.000000
2329.000000
6106.000000
-1510.000000
-10210.000000
-59.000000
-17601.000000
-20147.000000
25.000000
43608.000000
-3343.000000
-23695.000000
-17068.000000
-21085.000000
-10150.000000
-17947.000000
23059.000000
1257.000000
-31081.000000
7187.000000
-5954.000000
-17476.000000
29958.000000
-9272.000000
-22021.000000
-4192.000000
-15906.000000
18580.000000
3157.000000
27308.000000
9646.000000
-11203.000000
7323.000000
-16697.000000
-34243.000000
-17438.000000
-2500.000000
-4560.000000
-4064.000000
-12819.000000
-9083.000000
15669.000000
3527.000000
-3110.000000
-5085.000000
-5924.000000
21627.000000
-6366.000000
-17293.000000
27235.000000
-6301.000000
13435.000000
-3701.000000
15402.000000
17617.000000
-19572.000000
11268.000000
-28435.000000
-16984.000000
20844.000000
-18155.000000
-25880.000000
-6621.000000
36861.000000
12511.000000
9278.000000
11239.000000
15283.000000
-30347.000000
-4108.000000
-29617.000000
6805.000000
-6477.000000
25131.000000
-13038.000000
6610.000000
10234.000000
-5225.000000
3.000000
27796.000000
13703.000000
-39504.000000
-12949.000000
11080.000000
23853.000000
-18054.000000
-19790.000000
15244.000000
-6382.000000
5066.000000
15972.000000
52.000000
13542.000000
9248.000000
-144.000000
17489.000000
-27446.000000
-25169.000000
-4274.000000
-22202.000000
-365.000000
-24582.000000
2576.000000
-21861.000000
34174.000000
10851.000000
24491.000000
-33460.000000
37233.000000
7479.000000
15889.000000
672.000000
13760.000000
7508.000000
10206.000000
27943.000000
7860.000000
31092.000000
-28806.000000
-11284.000000
9685.000000
-27366.000000
6743.000000
8238.000000
1785.000000
-14900.000000
22589.000000
-3088.000000
-33562.000000
-24345.000000
-11242.000000
-1509.000000
25322.000000
-19123.000000
8811.000000
-6258.000000
-34163.000000
3537.000000
30607.000000
-806.000000
3470.000000
895.000000
15505.000000
19847.000000
14081.000000
-19778.000000
-35916.000000
12427.000000
-1631.000000
28310.000000
23433.000000
-19800.000000
12484.000000
23682.000000
-3052.000000
-14376.000000
-3262.000000
-20591.000000
-7648.000000
28016.000000
-12520.000000
5690.000000
7316.000000
8680.000000
-8801.000000
1240.000000
22757.000000
17212.000000
-17110.000000
-20883.000000
20644.000000
3970.000000
-31561.000000
-4226.000000
15866.000000
10664.000000
11182.000000
3963.000000
-13169.000000
-3250.000000
-1636.000000
-7639.000000
3930.000000
-10444.000000
-10948.000000
-2422.000000
-21349.000000
11153.000000
-9273.000000
-4640.000000
-19371.000000
7018.000000
17389.000000
-9679.000000
-8220.000000
-8760.000000
-1830.000000
4429.000000
-1552.000000
15004.000000
12355.000000
-13139.000000
17190.000000
-3372.000000
694.000000
-22668.000000
8219.000000
-1947.000000
-15342.000000
11251.000000
14218.000000
21483.000000
15934.000000
2487.000000
-474.000000
-28443.000000
13252.000000
-17126.000000
14499.000000
-8776.000000
-8570.000000
-17242.000000
-24523.000000
-17880.000000
-9469.000000
33429.000000
-14278.000000
-52334.000000
-3129.000000
-6619.000000
-19755.000000
5588.000000
-6919.000000
-31197.000000
-285.000000
17182.000000
12432.000000
12394.000000
-2995.000000
8431.000000
4494.000000
-27269.000000
14315.000000
-7902.000000
-534.000000
30840.000000
12048.000000
-16678.000000
8532.000000
22405.000000
23475.000000
-3692.000000
1954.000000
-6415.000000
-16750.000000
-16742.000000
31217.000000
-16887.000000
-11552.000000
10409.000000
-77.000000
-32406.000000
7450.000000
-20463.000000
5956.000000
36045.000000
568.000000
281.000000
-24219.000000
-7716.000000
-1066.000000
-13325.000000
-45004.000000
-16297.000000
-4203.000000
-7749.000000
7721.000000
-10458.000000
-13704.000000
18945.000000
6333.000000
12653.000000
10958.000000
2916.000000
-2672.000000
15968.000000
8242.000000
7150.000000
-14215.000000
9000.000000
14159.000000
-36149.000000
11382.000000
-761.000000
-12464.000000
8097.000000
4694.000000
-691.000000
12537.000000
-1351.000000
11911.000000
-7237.000000
26336.000000
-8342.000000
-11484.000000
-16020.000000
6018.000000
-14348.000000
-1628.000000
17218.000000
47169.000000
-11851.000000
-28344.000000
18531.000000
10548.000000
-14045.000000
-18544.000000
3913.000000
7195.000000
13938.000000
-3830.000000
-11347.000000
-13160.000000
5333.000000
2167.000000
-38374.000000
-12448.000000
10699.000000
22437.000000
-2003.000000
19258.000000
10412.000000
17636.000000
13050.000000
6567.000000
6938.000000
16429.000000
811.000000
39137.000000
11698.000000
12856.000000
12591.000000
20189.000000
9808.000000
-21487.000000
-8597.000000
2970.000000
-14193.000000
-45370.000000
383.000000
23150.000000
-26832.000000
12749.000000
14496.000000
-2929.000000
-26515.000000
2535.000000
-14516.000000
9688.000000
-11492.000000
-11969.000000
28910.000000
15357.000000
-23255.000000
6450.000000
-9169.000000
-3907.000000
18130.000000
-11285.000000
-27162.000000
-5314.000000
21740.000000
306.000000
12660.000000
-9097.000000
-21102.000000
-9338.000000
-5737.000000
26876.000000
-4932.000000
-11209.000000
-3440.000000
6868.000000
14909.000000
18651.000000
-38360.000000
-16272.000000
17547.000000
-27153.000000
2459.000000
12306.000000
-8436.000000
-35042.000000
6463.000000
18840.000000
16841.000000
17111.000000
7570.000000
7859.000000
8677.000000
10307.000000
-10591.000000
-11955.000000
7304.000000
-6653.000000
14675.000000
-16799.000000
-27610.000000
-43335.000000
-4849.000000
-46185.000000
12047.000000
-10886.000000
7613.000000
15646.000000
319.000000
24053.000000
13374.000000
-7437.000000
-15513.000000
10008.000000
37069.000000
-20277.000000
15113.000000
19097.000000
8050.000000
-21712.000000
1094.000000
19462.000000
-23535.000000
-12480.000000
24788.000000
-10458.000000
35314.000000
23473.000000
-14674.000000
-9659.000000
2383.000000
-27944.000000
-836.000000
-22028.000000
6380.000000
16524.000000
506.000000
-11881.000000
-11953.000000
5354.000000
31805.000000
-16533.000000
12162.000000
9565.000000
4583.000000
-30074.000000
11616.000000
-35776.000000
3164.000000
-21923.000000
26316.000000
15123.000000
-16589.000000
-3296.000000
-18507.000000
-1006.000000
-7263.000000
32574.000000
33101.000000
-2118.000000
-16.000000
12580.000000
4203.000000
9733.000000
10066.000000
21558.000000
13812.000000
23652.000000
20974.000000
-4669.000000
10066.000000
-11021.000000
29141.000000
-3464.000000
-8982.000000
1243.000000
9559.000000
-32527.000000
34297.000000
20039.000000
5569.000000
-43119.000000
39730.000000
-8189.000000
11435.000000
5123.000000
-9338.000000
24465.000000
9649.000000
-6597.000000
19047.000000
-11525.000000
4932.000000
-20913.000000
4821.000000
-1019.000000
5110.000000
-11444.000000
-3118.000000
5791.000000
1385.000000
4795.000000
-14060.000000
13425.000000
26570.000000
14411.000000
6992.000000
-19813.000000
-1360.000000
-10299.000000
20915.000000
-12837.000000
-11643.000000
-9835.000000
18681.000000
-23088.000000
10570.000000
-9459.000000
6596.000000
16444.000000
-7804.000000
4565.000000
6798.000000
11952.000000
-4794.000000
-9897.000000
24640.000000
6427.000000
-10886.000000
-4914.000000
21500.000000
-11387.000000
-20340.000000
14403.000000
11555.000000
-42654.000000
-25564.000000
-4109.000000
25616.000000
11490.000000
-14382.000000
-1920.000000
3781.000000
41452.000000
-3745.000000
8723.000000
-637.000000
-6529.000000
-20677.000000
4401.000000
14926.000000
-24212.000000
10297.000000
14646.000000
-19784.000000
-39583.000000
-20215.000000
8403.000000
5472.000000
-20702.000000
13075.000000
-34405.000000
-12523.000000
-706.000000
-106.000000
-20404.000000
-28314.000000
-652.000000
-18145.000000
1934.000000
18605.000000
73.000000
-18614.000000
5611.000000
-371.000000
-10540.000000
5968.000000
30334.000000
-664.000000
17721.000000
-2726.000000
2168.000000
9825.000000
23239.000000
-7268.000000
979.000000
4651.000000
-6687.000000
-5721.000000
-11492.000000
-5741.000000
-13423.000000
1714.000000
17502.000000
15556.000000
-12872.000000
4228.000000
-9383.000000
-6511.000000
-1999.000000
-1240.000000
5974.000000
-1052.000000
3439.000000
1606.000000
26009.000000
25664.000000
16385.000000
4024.000000
2249.000000
-19460.000000
17266.000000
-1237.000000
18224.000000
-20899.000000
-4108.000000
1858.000000
-11583.000000
-6440.000000
11715.000000
6436.000000
2339.000000
13057.000000
38303.000000
6295.000000
5905.000000
-9535.000000
3113.000000
12983.000000
26579.000000
-2309.000000
13363.000000
-5278.000000
28758.000000
-8891.000000
-744.000000
-11539.000000
17444.000000
76.000000
899.000000
29613.000000
4573.000000
-25279.000000
18523.000000
-21783.000000
12086.000000
1762.000000
4305.000000
13319.000000
8884.000000
-6727.000000
-51824.000000
-4946.000000
-8948.000000
-9950.000000
804.000000
-6725.000000
-99.000000
-21075.000000
-3190.000000
18314.000000
-9723.000000
-27177.000000
-4970.000000
-8232.000000
-6651.000000
5338.000000
42293.000000
-10824.000000
1181.000000
-28243.000000
2357.000000
-5831.000000
11671.000000
3068.000000
14200.000000
11339.000000
-3733.000000
-16180.000000
14744.000000
-19173.000000
7603.000000
-9808.000000
20553.000000
-33642.000000
15108.000000
29777.000000
19903.000000
-35117.000000
-9720.000000
-7269.000000
19078.000000
-11072.000000
-14923.000000
-13151.000000
11581.000000
-29943.000000
-3811.000000
34077.000000
3671.000000
-245.000000
1045.000000
-1349.000000
5002.000000
3663.000000
479.000000
-37712.000000
-14933.000000
16620.000000
4789.000000
881.000000
11720.000000
20213.000000
-3646.000000
-611.000000
31594.000000
-11182.000000
-2443.000000
-20479.000000
19415.000000
-47125.000000
13575.000000
13358.000000
6577.000000
-11577.000000
32920.000000
16763.000000
-34064.000000
57.000000
41583.000000
-6859.000000
-364.000000
-19234.000000
2991.000000
46594.000000
-7378.000000
-11020.000000
-7561.000000
-9543.000000
14917.000000
10381.000000
15756.000000
-8768.000000
-4231.000000
-384.000000
-2976.000000
19424.000000
-11717.000000
-19352.000000
3950.000000
-29910.000000
14209.000000
7583.000000
-19454.000000
-3356.000000
-21528.000000
34329.000000
-14575.000000
-19842.000000
-14402.000000
1966.000000
-5022.000000
21289.000000
-4932.000000
-8780.000000
1841.000000
18196.000000
-2896.000000
-19274.000000
-6610.000000
-20248.000000
-26383.000000
-18658.000000
14933.000000
5641.000000
15121.000000
-29132.000000
-14314.000000
13419.000000
8481.000000
-31598.000000
-2699.000000
-28866.000000
19921.000000
-8104.000000
12446.000000
-2434.000000
-17990.000000
-14513.000000
-17135.000000
18140.000000
12636.000000
14191.000000
26011.000000
2716.000000
-8141.000000
-666.000000
1681.000000
-21959.000000
10857.000000
24029.000000
11899.000000
-29416.000000
-11234.000000
-4767.000000
-13879.000000
-24599.000000
-6087.000000
-4036.000000
-23684.000000
-7925.000000
-569.000000
-694.000000
2413.000000
3926.000000
-8045.000000
-13320.000000
-9908.000000
-11119.000000
11993.000000
5428.000000
23739.000000
8062.000000
-24695.000000
-17182.000000
-5741.000000
-10462.000000
22089.000000
17290.000000
8786.000000
24305.000000
-11939.000000
20729.000000
15387.000000
16667.000000
-22944.000000
-907.000000
13711.000000
-11850.000000
11750.000000
-15813.000000
-2287.000000
-10327.000000
-16215.000000
14183.000000
12276.000000
-8750.000000
36801.000000
4987.000000
-16300.000000
15274.000000
24022.000000
-10721.000000
-12830.000000
6699.000000
-6741.000000
19375.000000
13001.000000
-9677.000000
-13236.000000
-4305.000000
-31820.000000
40561.000000
12416.000000
1894.000000
-10499.000000
14688.000000
8061.000000
19139.000000
-11787.000000
-6723.000000
-26884.000000
-9942.000000
-13706.000000
10478.000000
-12142.000000
-1714.000000
-10673.000000
3943.000000
-32829.000000
44783.000000
-10833.000000
-16572.000000
-3274.000000
1872.000000
-12526.000000
14954.000000
9834.000000
-21981.000000
44729.000000
11070.000000
3405.000000
-3481.000000
-14349.000000
-8335.000000
24604.000000
17904.000000
10138.000000
-16400.000000
-12226.000000
-464.000000
12014.000000
-15397.000000
-10284.000000
-17845.000000
13669.000000
21693.000000
-9357.000000
-5310.000000
19418.000000
-8093.000000
-1861.000000
21676.000000
5896.000000
-13670.000000
-8243.000000
3088.000000
-6037.000000
9744.000000
-9703.000000
7227.000000
-5960.000000
14529.000000
-1057.000000
17043.000000
1123.000000
5995.000000
18173.000000
8626.000000
-24174.000000
11518.000000
8696.000000
11310.000000
27860.000000
22180.000000
-3998.000000
-3289.000000
-19917.000000
22104.000000
2616.000000
-22458.000000
3230.000000
-32431.000000
-18337.000000
-2452.000000
20837.000000
-17276.000000
7621.000000
9786.000000
6617.000000
20307.000000
-12334.000000
-13669.000000
-7067.000000
-9465.000000
-16824.000000
12677.000000
-9395.000000
18873.000000
19932.000000
20668.000000
-3976.000000
757.000000
5995.000000
-10111.000000
22103.000000
7856.000000
-26645.000000
-25322.000000
2264.000000
-11027.000000
-21780.000000
32365.000000
-29716.000000
21776.000000
6638.000000
-17292.000000
21141.000000
8639.000000
-30433.000000
-24233.000000
27743.000000
22438.000000
-562.000000
-27703.000000
20838.000000
-9379.000000
-32279.000000
-10509.000000
-17074.000000
12620.000000
-20981.000000
-25428.000000
-4436.000000
8857.000000
2039.000000
6846.000000
24548.000000
-15123.000000
-18446.000000
5004.000000
-25747.000000
44838.000000
26226.000000
7472.000000
-23634.000000
11306.000000
11499.000000
-15510.000000
-3016.000000
8532.000000
678.000000
-30157.000000
17592.000000
4165.000000
29957.000000
-4472.000000
4578.000000
-9218.000000
9038.000000
3882.000000
-27950.000000
5846.000000
6830.000000
-25074.000000
-13137.000000
30110.000000
-10261.000000
-15046.000000
-2868.000000
-46589.000000
-13304.000000
-30396.000000
2491.000000
-25451.000000
5154.000000
3608.000000
5521.000000
81.000000
6871.000000
1350.000000
7280.000000
13328.000000
-6274.000000
4747.000000
8971.000000
-7532.000000
5748.000000
22670.000000
-452.000000
3201.000000
23238.000000
-5584.000000
-10888.000000
6880.000000
22775.000000
-8460.000000
19285.000000
-18962.000000
7065.000000
11876.000000
-174.000000
-2589.000000
18482.000000
-16838.000000
6340.000000
11964.000000
18680.000000
-16056.000000
15798.000000
13856.000000
-24204.000000
19175.000000
23060.000000
-12066.000000
-8870.000000
962.000000
-15476.000000
16693.000000
-15595.000000
-6302.000000
-14548.000000
10427.000000
5357.000000
-28899.000000
-13527.000000
20385.000000
-20837.000000
21095.000000
19603.000000
7918.000000
-13747.000000
6179.000000
-4004.000000
-7986.000000
5647.000000
-12927.000000
-14841.000000
12189.000000
21788.000000
-37940.000000
-6174.000000
-8124.000000
4205.000000
12907.000000
8214.000000
-15326.000000
22221.000000
19177.000000
2530.000000
2431.000000
24570.000000
-17043.000000
11434.000000
4473.000000
-3668.000000
-6404.000000
17870.000000
2960.000000
23953.000000
9817.000000
959.000000
-34628.000000
-8947.000000
12589.000000
2406.000000
-3117.000000
34876.000000
-13343.000000
14.000000
29592.000000
2336.000000
4160.000000
12475.000000
-15425.000000
7963.000000
485.000000
21661.000000
-16821.000000
-13900.000000
3746.000000
-4711.000000
-3499.000000
14679.000000
7579.000000
-11163.000000
8710.000000
18782.000000
14161.000000
21067.000000
-10652.000000
-4538.000000
-4958.000000
9508.000000
-16448.000000
-20287.000000
24366.000000
18994.000000
-10430.000000
17467.000000
-12857.000000
-22854.000000
7831.000000
11871.000000
-18320.000000
5415.000000
7888.000000
-189.000000
9254.000000
11577.000000
-21166.000000
-14934.000000
18399.000000
-9406.000000
7384.000000
19294.000000
-6768.000000
-5204.000000
1431.000000
20476.000000
-12398.000000
27483.000000
-2848.000000
-29044.000000
881.000000
807.000000
-7702.000000
2546.000000
-20880.000000
33039.000000
21061.000000
-9785.000000
-19845.000000
1754.000000
2385.000000
-7209.000000
-911.000000
-23759.000000
-34595.000000
19822.000000
-3153.000000
-10886.000000
1858.000000
32566.000000
-12301.000000
6778.000000
-1136.000000
-52430.000000
-8560.000000
2608.000000
35659.000000
-8654.000000
-3006.000000
-18744.000000
-8910.000000
-14134.000000
6523.000000
-15059.000000
-20620.000000
3048.000000
-16186.000000
20381.000000
35546.000000
-14908.000000
-7267.000000
-6453.000000
28098.000000
-12967.000000
-7404.000000
-13775.000000
-3031.000000
-6315.000000
15253.000000
-10172.000000
24295.000000
628.000000
-28312.000000
-1868.000000
4432.000000
14905.000000
12559.000000
-19295.000000
-15761.000000
-12578.000000
-13513.000000
-13860.000000
-3969.000000
-3143.000000
-8549.000000
-3655.000000
503.000000
-10334.000000
-8893.000000
3756.000000
-4697.000000
-8968.000000
-1256.000000
1962.000000
-6455.000000
44658.000000
-4262.000000
-39280.000000
31040.000000
5528.000000
-822.000000
15107.000000
-6040.000000
2702.000000
-11807.000000
28566.000000
37241.000000
-5871.000000
-15191.000000
-14596.000000
-9544.000000
5736.000000
12905.000000
26257.000000
-9990.000000
17541.000000
5541.000000
12025.000000
29666.000000
29229.000000
-6254.000000
24669.000000
-25266.000000
6653.000000
15066.000000
21223.000000
2504.000000
8031.000000
11490.000000
-12540.000000
-9566.000000
25440.000000
8247.000000
-303.000000
18181.000000
16275.000000
-20168.000000
4226.000000
-8355.000000
-30312.000000
-8140.000000
-12172.000000
20030.000000
8696.000000
-18028.000000
-1052.000000
18339.000000
-13898.000000
11728.000000
-9876.000000
12061.000000
-24875.000000
-14196.000000
16290.000000
-5286.000000
-1829.000000
8027.000000
-4200.000000
-20789.000000
-9399.000000
8298.000000
15036.000000
10771.000000
-7944.000000
-29877.000000
-1846.000000
-6326.000000
-26671.000000
28650.000000
17273.000000
-813.000000
12765.000000
-6438.000000
9680.000000
-8221.000000
20283.000000
33621.000000
15018.000000
28856.000000
-3421.000000
-34.000000
-5964.000000
8021.000000
6628.000000
-23403.000000
-21076.000000
22814.000000
-17895.000000
-3727.000000
-20164.000000
12401.000000
24053.000000
-17059.000000
-40304.000000
-1393.000000
-15764.000000
23496.000000
25024.000000
-26206.000000
-19225.000000
15940.000000
17088.000000
14733.000000
-21505.000000
22820.000000
-12638.000000
-3646.000000
-19974.000000
-13938.000000
1506.000000
-19206.000000
-12972.000000
-8218.000000
-21257.000000
-1603.000000
-16814.000000
9928.000000
3422.000000
25429.000000
-1097.000000
7901.000000
-10596.000000
66275.000000
-19212.000000
3168.000000
28653.000000
7552.000000
-3562.000000
11246.000000
18357.000000
-4847.000000
-21788.000000
10902.000000
-5890.000000
3805.000000
37465.000000
-11267.000000
7615.000000
20602.000000
-15298.000000
-3730.000000
-22223.000000
-1161.000000
-9808.000000
17218.000000
13041.000000
-8887.000000
5257.000000
13991.000000
-2391.000000
15623.000000
21704.000000
-7683.000000
-3419.000000
24732.000000
6775.000000
-31708.000000
-13608.000000
34993.000000
9579.000000
-1852.000000
34949.000000
-25049.000000
-28001.000000
8407.000000
8232.000000
-54657.000000
-33702.000000
26315.000000
-260.000000
-41278.000000
3454.000000
-14696.000000
-35251.000000
28765.000000
15735.000000
-3024.000000
-13061.000000
21598.000000
-18224.000000
-5512.000000
24355.000000
31449.000000
-2833.000000
-54420.000000
-2622.000000
17485.000000
-3885.000000
2347.000000
6210.000000
-11502.000000
-1829.000000
38570.000000
-14211.000000
-10299.000000
13982.000000
-35537.000000
10687.000000
25853.000000
11097.000000
-22039.000000
2884.000000
15491.000000
-2933.000000
23850.000000
-32595.000000
11178.000000
14198.000000
7562.000000
-4178.000000
7592.000000
-471.000000
5053.000000
-16799.000000
-6100.000000
-163.000000
2976.000000
-9876.000000
5785.000000
27070.000000
-10538.000000
7713.000000
8345.000000
9649.000000
-17542.000000
11228.000000
8778.000000
-20716.000000
-6779.000000
-6428.000000
16957.000000
13716.000000
-30039.000000
-35179.000000
-13566.000000
5741.000000
31294.000000
-15998.000000
-6518.000000
12729.000000
-10079.000000
-1234.000000
1490.000000
-10062.000000
9223.000000
26455.000000
-17316.000000
-17800.000000
-15552.000000
-4927.000000
-9217.000000
7182.000000
-2146.000000
-5405.000000
-4093.000000
-4568.000000
-1087.000000
-6497.000000
29834.000000
-26797.000000
-18093.000000
15402.000000
5838.000000
18670.000000
4774.000000
14134.000000
-28326.000000
10210.000000
40419.000000
1611.000000
-31825.000000
-8963.000000
3397.000000
-9426.000000
-14473.000000
2905.000000
15085.000000
-8704.000000
-2155.000000
8610.000000
-4846.000000
18924.000000
-17597.000000
-1018.000000
8540.000000
33878.000000
-4624.000000
-25363.000000
16510.000000
29382.000000
-6120.000000
5347.000000
-18696.000000
-7950.000000
10473.000000
-31344.000000
-39575.000000
-13495.000000
10047.000000
-28177.000000
-24749.000000
28075.000000
-11886.000000
-3133.000000
2389.000000
22152.000000
-9124.000000
3235.000000
-28643.000000
1745.000000
28172.000000
32532.000000
20126.000000
-30172.000000
-436.000000
-16291.000000
31749.000000
32280.000000
-8112.000000
24918.000000
-6719.000000
17812.000000
14672.000000
9121.000000
1433.000000
-13770.000000
5336.000000
3339.000000
-14077.000000
-19926.000000
12013.000000
26892.000000
-10690.000000
9005.000000
10724.000000
-714.000000
6216.000000
-476.000000
32110.000000
-9676.000000
19435.000000
2670.000000
6767.000000
-9899.000000
-1773.000000
17494.000000
6509.000000
29328.000000
-8.000000
-15571.000000
-937.000000
-16992.000000
4913.000000
12102.000000
33604.000000
-9779.000000
4656.000000
5078.000000
27619.000000
1452.000000
2769.000000
333.000000
22227.000000
13029.000000
-10219.000000
11103.000000
-18651.000000
-11095.000000
26381.000000
15933.000000
-1281.000000
7324.000000
20542.000000
8687.000000
-11762.000000
-2992.000000
3768.000000
-25374.000000
-14697.000000
264.000000
18487.000000
4690.000000
-339.000000
9398.000000
482.000000
11015.000000
-5316.000000
12273.000000
7476.000000
5144.000000
22641.000000
27463.000000
20750.000000
-26960.000000
25487.000000
1028.000000
-3419.000000
15039.000000
15190.000000
-5131.000000
-1850.000000
12556.000000
37767.000000
-35473.000000
21816.000000
17455.000000
7069.000000
26167.000000
16453.000000
-41276.000000
-28195.000000
17442.000000
-10657.000000
-20234.000000
-10705.000000
3822.000000
-20342.000000
-5307.000000
-11439.000000
-13631.000000
-14158.000000
26055.000000
17807.000000
-16069.000000
1410.000000
4784.000000
-1497.000000
7463.000000
15628.000000
-21267.000000
-9168.000000
8063.000000
-7815.000000
16344.000000
6889.000000
-9162.000000
-31148.000000
1599.000000
27436.000000
10492.000000
15795.000000
-11849.000000
-18068.000000
42290.000000
39986.000000
3746.000000
-14056.000000
-2464.000000
23855.000000
18520.000000
30137.000000
-13421.000000
-24556.000000
-8782.000000
-25174.000000
14248.000000
-5631.000000
-30926.000000
209.000000
-16773.000000
-2361.000000
-9120.000000
4138.000000
-13783.000000
11053.000000
-4758.000000
29143.000000
-2531.000000
-4056.000000
-14711.000000
-18466.000000
-15021.000000
18137.000000
5291.000000
6424.000000
17207.000000
-5181.000000
-14332.000000
-2906.000000
-8958.000000
-15652.000000
9399.000000
13992.000000
-14663.000000
-7821.000000
-19493.000000
14887.000000
6862.000000
18276.000000
-21935.000000
40097.000000
-28171.000000
5323.000000
14642.000000
8727.000000
-44297.000000
-11295.000000
3706.000000
10148.000000
-17485.000000
-28495.000000
18832.000000
14461.000000
36599.000000
4885.000000
-4361.000000
-786.000000
-1879.000000
9628.000000
8891.000000
-7231.000000
-30220.000000
-19017.000000
15197.000000
20251.000000
13789.000000
-13775.000000
6489.000000
34244.000000
-5547.000000
8311.000000
-16433.000000
-26627.000000
-16897.000000
-11162.000000
8992.000000
-12182.000000
-4467.000000
-4228.000000
24732.000000
-14490.000000
-3993.000000
-5502.000000
6729.000000
32362.000000
11879.000000
4952.000000
-20692.000000
-11639.000000
13553.000000
6290.000000
-10015.000000
-26428.000000
-31481.000000
-5740.000000
931.000000
44825.000000
-18690.000000
14000.000000
-52573.000000
3452.000000
5815.000000
1522.000000
-13684.000000
-4909.000000
-3709.000000
8727.000000
2308.000000
-10003.000000
10175.000000
-5469.000000
1762.000000
18324.000000
-18152.000000
-422.000000
5164.000000
14950.000000
-11334.000000
1053.000000
3722.000000
4171.000000
1258.000000
11718.000000
14361.000000
-8246.000000
-3563.000000
-17200.000000
24412.000000
6710.000000
-3428.000000
-31613.000000
-22911.000000
1381.000000
11749.000000
18046.000000
-19396.000000
-17612.000000
-14590.000000
-15910.000000
-28420.000000
-10790.000000
-4197.000000
-25779.000000
36973.000000
22320.000000
-3405.000000
-18538.000000
-966.000000
-30902.000000
-12654.000000
-7939.000000
5685.000000
-7200.000000
-4291.000000
1790.000000
15089.000000
16446.000000
2224.000000
23525.000000
23124.000000
8227.000000
1733.000000
-2909.000000
-89.000000
1490.000000
1003.000000
7667.000000
13537.000000
-18526.000000
-9268.000000
15719.000000
3288.000000
-15221.000000
6629.000000
6074.000000
-15083.000000
-9914.000000
24087.000000
-20978.000000
-18024.000000
17874.000000
9751.000000
-23727.000000
-43346.000000
8492.000000
-14650.000000
-3898.000000
1363.000000
143.000000
-29447.000000
-18929.000000
3877.000000
-7308.000000
-10044.000000
-9126.000000
-8879.000000
-28599.000000
27105.000000
13325.000000
17752.000000
-17614.000000
20428.000000
16820.000000
-16517.000000
-26979.000000
2878.000000
-34371.000000
15129.000000
21944.000000
36926.000000
-27665.000000
-5271.000000
6562.000000
-26604.000000
-18908.000000
26409.000000
-6628.000000
20475.000000
-12710.000000
33459.000000
596.000000
-1484.000000
-9538.000000
-19478.000000
18451.000000
38990.000000
-17852.000000
-9228.000000
-1799.000000
-13497.000000
20038.000000
-4591.000000
-19189.000000
-20479.000000
20587.000000
14930.000000
-1035.000000
13205.000000
-1874.000000
19300.000000
-12414.000000
6821.000000
19231.000000
-2824.000000
-1423.000000
26784.000000
44127.000000
-14295.000000
-6951.000000
-13798.000000
-4689.000000
-7537.000000
5297.000000
-5826.000000
-16699.000000
23238.000000
3149.000000
-12237.000000
15707.000000
12188.000000
-19602.000000
19965.000000
-8911.000000
-10197.000000
-23099.000000
26102.000000
9449.000000
7897.000000
15618.000000
14225.000000
6250.000000
10119.000000
19366.000000
-4410.000000
-34094.000000
6755.000000
1381.000000
18802.000000
-9339.000000
4738.000000
-6674.000000
2439.000000
-23514.000000
-5476.000000
10666.000000
-3422.000000
7247.000000
10395.000000
7673.000000
20715.000000
-19563.000000
-7636.000000
745.000000
-11515.000000
14347.000000
10962.000000
-10694.000000
7852.000000
-21065.000000
-5165.000000
-20999.000000
6035.000000
-8685.000000
22117.000000
946.000000
14546.000000
-36315.000000
-12164.000000
21535.000000
-7288.000000
-26202.000000
-16397.000000
24644.000000
19522.000000
-12971.000000
554.000000
8031.000000
-5313.000000
6337.000000
28778.000000
-14058.000000
10808.000000
-8805.000000
-15702.000000
-5939.000000
16547.000000
21883.000000
11336.000000
9012.000000
-20647.000000
-14921.000000
-8911.000000
2864.000000
-909.000000
-9268.000000
11681.000000
-7597.000000
-14703.000000
-32568.000000
-7617.000000
-7270.000000
13899.000000
27922.000000
5477.000000
-26194.000000
-10037.000000
-10319.000000
-19936.000000
8166.000000
10422.000000
3834.000000
-25323.000000
14184.000000
15398.000000
-19713.000000
-19897.000000
-4623.000000
-8120.000000
-8718.000000
11995.000000
-28356.000000
9516.000000
-24995.000000
13370.000000
14657.000000
-1372.000000
18296.000000
-324.000000
-9040.000000
-10555.000000
-10857.000000
-2410.000000
-7363.000000
-3994.000000
-6021.000000
7378.000000
13674.000000
-21702.000000
-12967.000000
31928.000000
19098.000000
6952.000000
-11824.000000
1826.000000
30525.000000
-212.000000
-18047.000000
-18852.000000
34652.000000
23891.000000
-33390.000000
6262.000000
-6489.000000
-11321.000000
-20901.000000
9762.000000
2846.000000
3978.000000
12731.000000
-5566.000000
-2065.000000
-8837.000000
1676.000000
19002.000000
-4305.000000
-5279.000000
-4736.000000
865.000000
-13402.000000
-31510.000000
2384.000000
10141.000000
-12147.000000
-5411.000000
27876.000000
-14901.000000
-9091.000000
-6138.000000
30286.000000
-15705.000000
7435.000000
23926.000000
18876.000000
-36370.000000
-11980.000000
-14402.000000
15663.000000
-25666.000000
40598.000000
11730.000000
-22524.000000
17479.000000
-149.000000
-18033.000000
27246.000000
8327.000000
-39101.000000
-34539.000000
40011.000000
1526.000000
-7582.000000
12134.000000
36528.000000
-558.000000
-7283.000000
10616.000000
-7183.000000
-3192.000000
25844.000000
1846.000000
-18700.000000
21704.000000
20353.000000
-32249.000000
-11798.000000
16582.000000
-1411.000000
5420.000000
20050.000000
14961.000000
-665.000000
-20827.000000
-15088.000000
-35807.000000
-16403.000000
-22794.000000
2139.000000
19428.000000
11193.000000
2637.000000
3835.000000
4644.000000
7818.000000
26845.000000
-14931.000000
18682.000000
19203.000000
-15809.000000
7526.000000
-4494.000000
6296.000000
-7572.000000
4924.000000
-12553.000000
6714.000000
17952.000000
29312.000000
10266.000000
25700.000000
11371.000000
-2534.000000
-6818.000000
32832.000000
-19634.000000
-1477.000000
-22049.000000
-10128.000000
-29570.000000
10210.000000
34.000000
-14913.000000
14193.000000
27851.000000
-33016.000000
-9483.000000
7219.000000
11479.000000
-25667.000000
-1490.000000
10475.000000
-16833.000000
-27570.000000
-2706.000000
-10806.000000
-8624.000000
-19084.000000
21430.000000
23722.000000
14141.000000
-16019.000000
-5489.000000
753.000000
2672.000000
8304.000000
13120.000000
-13205.000000
-32264.000000
-16581.000000
25437.000000
2890.000000
-4720.000000
14310.000000
-23083.000000
13806.000000
20300.000000
6535.000000
-4019.000000
-8658.000000
-1777.000000
-27556.000000
-17901.000000
6398.000000
31443.000000
-27275.000000
-747.000000
-5461.000000
-3535.000000
-24249.000000
33172.000000
-3956.000000
10459.000000
-18785.000000
8657.000000
-16156.000000
-11932.000000
-1081.000000
5106.000000
8857.000000
-13017.000000
-14773.000000
-2619.000000
8196.000000
-12055.000000
-33169.000000
-35436.000000
-24338.000000
4152.000000
10348.000000
3556.000000
-18358.000000
5480.000000
-14297.000000
2562.000000
-19965.000000
1753.000000
-5904.000000
8498.000000
-5278.000000
-17432.000000
11761.000000
767.000000
13359.000000
966.000000
3604.000000
14006.000000
-15018.000000
-16818.000000
9138.000000
4773.000000
16829.000000
28251.000000
17806.000000
15797.000000
32504.000000
14963.000000
13338.000000
105.000000
20044.000000
41246.000000
9129.000000
-13788.000000
2903.000000
11748.000000
-6938.000000
8898.000000
-12350.000000
43947.000000
-1575.000000
32676.000000
15815.000000
-6505.000000
-45706.000000
-34123.000000
-15464.000000
1291.000000
-7315.000000
-6547.000000
-15208.000000
17442.000000
-12687.000000
22347.000000
20624.000000
-22720.000000
-11359.000000
-7323.000000
-1049.000000
-7142.000000
-6951.000000
14170.000000
12539.000000
-11280.000000
-15565.000000
12298.000000
-23186.000000
-7030.000000
12459.000000
32683.000000
-10576.000000
-3062.000000
4450.000000
-3977.000000
-14731.000000
13901.000000
11392.000000
-12222.000000
-248.000000
3928.000000
12494.000000
-13703.000000
-19195.000000
-14957.000000
436.000000
-5349.000000
-3882.000000
3304.000000
-1589.000000
-26688.000000
25585.000000
15060.000000
-25186.000000
-37777.000000
814.000000
-870.000000
-27445.000000
12036.000000
11831.000000
-22609.000000
-12027.000000
-15367.000000
-21845.000000
-637.000000
14857.000000
-44960.000000
8461.000000
2686.000000
32008.000000
-11290.000000
-5393.000000
1062.000000
7542.000000
-20869.000000
-13798.000000
6977.000000
-12845.000000
-16349.000000
15629.000000
-49145.000000
10443.000000
14172.000000
-4906.000000
-5747.000000
7090.000000
-3381.000000
11692.000000
-12290.000000
11505.000000
13586.000000
-4751.000000
-19685.000000
24572.000000
-9228.000000
33515.000000
-6072.000000
2038.000000
4831.000000
22939.000000
12332.000000
-2640.000000
-10093.000000
-3471.000000
3472.000000
17293.000000
772.000000
-4611.000000
-11753.000000
19783.000000
-9358.000000
16600.000000
-6620.000000
31468.000000
-925.000000
-1081.000000
22844.000000
2848.000000
-15154.000000
-8568.000000
-17361.000000
19204.000000
-4745.000000
31583.000000
-24239.000000
14129.000000
10580.000000
11515.000000
-12060.000000
3544.000000
7560.000000
-11703.000000
10518.000000
48227.000000
-21994.000000
-1797.000000
21081.000000
9324.000000
-4626.000000
18354.000000
4782.000000
-23934.000000
19418.000000
30593.000000
490.000000
-5016.000000
1653.000000
14011.000000
-5936.000000
-21633.000000
7862.000000
33406.000000
10709.000000
-3252.000000
13131.000000
40893.000000
-8035.000000
13479.000000
8693.000000
-5941.000000
5515.000000
8132.000000
-13740.000000
-23231.000000
-6664.000000
27886.000000
-205.000000
-8078.000000
13145.000000
28991.000000
-18474.000000
-19215.000000
5036.000000
23517.000000
10961.000000
3394.000000
-23301.000000
-7118.000000
-22995.000000
-48990.000000
-18077.000000
15799.000000
14261.000000
20379.000000
10999.000000
24509.000000
-5538.000000
-9769.000000
-28651.000000
-1.000000
11795.000000
10884.000000
5882.000000
-13881.000000
-34629.000000
13317.000000
16770.000000
17605.000000
-33415.000000
-643.000000
-12874.000000
26796.000000
-3134.000000
3935.000000
21537.000000
2415.000000
26158.000000
-9893.000000
-3582.000000
-2873.000000
-15507.000000
-8564.000000
-3748.000000
-15447.000000
-17169.000000
38241.000000
4772.000000
10102.000000
3988.000000
-7125.000000
-1564.000000
-4802.000000
-34062.000000
-2200.000000
630.000000
-17644.000000
4461.000000
8420.000000
-1087.000000
4147.000000
3880.000000
-3147.000000
-8817.000000
23987.000000
12807.000000
15140.000000
-10499.000000
7046.000000
-7609.000000
-22759.000000
-12010.000000
11822.000000
-8169.000000
-22520.000000
12637.000000
12613.000000
-16944.000000
-3763.000000
23889.000000
3974.000000
8297.000000
-21896.000000
-9618.000000
-19181.000000
943.000000
15417.000000
11877.000000
-23491.000000
32018.000000
918.000000
4633.000000
16103.000000
11338.000000
-1037.000000
-2228.000000
-15433.000000
-3919.000000
-15228.000000
-13989.000000
6796.000000
5759.000000
-20119.000000
-228.000000
-5779.000000
2326.000000
-21676.000000
-4545.000000
-8525.000000
-11788.000000
-5019.000000
-9697.000000
-4251.000000
-36867.000000
-11697.000000
-14113.000000
-5674.000000
-9745.000000
-5425.000000
1600.000000
25969.000000
-47197.000000
-4982.000000
30693.000000
-12952.000000
-16568.000000
-7520.000000
17652.000000
16026.000000
29420.000000
-22191.000000
-16161.000000
-21432.000000
-3208.000000
23094.000000
-3695.000000
-6163.000000
26882.000000
-24457.000000
8881.000000
2351.000000
2095.000000
-26321.000000
15615.000000
2859.000000
-10813.000000
-5897.000000
4590.000000
-8521.000000
7265.000000
1468.000000
-22420.000000
473.000000
-2868.000000
-7911.000000
27783.000000
250.000000
-7943.000000
-18483.000000
-13749.000000
39829.000000
-5938.000000
-1664.000000
3943.000000
-28291.000000
15680.000000
26985.000000
-10265.000000
-24628.000000
7947.000000
-8456.000000
30013.000000
28979.000000
-4027.000000
-18448.000000
5101.000000
30731.000000
-14184.000000
-8913.000000
759.000000
7388.000000
22336.000000
-12713.000000
-26329.000000
-9389.000000
11850.000000
-7268.000000
-10862.000000
11027.000000
2950.000000
-40732.000000
30334.000000
-31438.000000
19546.000000
-30670.000000
8289.000000
-13081.000000
33339.000000
14990.000000
-14760.000000
11578.000000
-1123.000000
6665.000000
23912.000000
26684.000000
-11383.000000
-16602.000000
18691.000000
-13239.000000
2857.000000
16709.000000
-36611.000000
-33066.000000
7821.000000
11387.000000
3388.000000
-15824.000000
24666.000000
-1327.000000
3392.000000
-26456.000000
-13601.000000
3600.000000
30988.000000
-22098.000000
18377.000000
-6310.000000
-39980.000000
-641.000000
9624.000000
9656.000000
39510.000000
22702.000000
-7855.000000
2213.000000
-2969.000000
5080.000000
9691.000000
-10132.000000
26925.000000
28776.000000
-2713.000000
1593.000000
-1080.000000
-497.000000
6099.000000
-7816.000000
-23776.000000
14028.000000
14843.000000
-17767.000000
4449.000000
-25504.000000
25750.000000
3518.000000
17498.000000
-16722.000000
-13283.000000
-26157.000000
-18277.000000
-1770.000000
16345.000000
16922.000000
1596.000000
-55421.000000
-5302.000000
16284.000000
8976.000000
37264.000000
-31336.000000
-35260.000000
-11248.000000
-14299.000000
-8428.000000
-21605.000000
-7174.000000
-17464.000000
-1682.000000
14554.000000
12014.000000
-1809.000000
18146.000000
-34803.000000
21858.000000
17179.000000
-3787.000000
-9298.000000
-13204.000000
-3693.000000
-1229.000000
-17319.000000
-3502.000000
4181.000000
13993.000000
24635.000000
5091.000000
-35393.000000
-13860.000000
22205.000000
14440.000000
24096.000000
-22002.000000
8179.000000
5105.000000
-10188.000000
13403.000000
19863.000000
-21347.000000
-15674.000000
11398.000000
12542.000000
12331.000000
4354.000000
-13460.000000
12261.000000
7251.000000
21829.000000
-8159.000000
372.000000
-12482.000000
3640.000000
-11797.000000
-508.000000
-39937.000000
6514.000000
-10992.000000
-10636.000000
-4349.000000
-4152.000000
-22315.000000
-21709.000000
-3878.000000
-3730.000000
-22898.000000
9013.000000
-10035.000000
-15252.000000
16727.000000
-16916.000000
-33120.000000
-899.000000
-4270.000000
-16598.000000
-11617.000000
10309.000000
-22177.000000
-645.000000
29322.000000
11868.000000
-11485.000000
-16538.000000
9509.000000
18183.000000
-73.000000
-19079.000000
-11617.000000
4029.000000
-5293.000000
-8911.000000
18906.000000
-11042.000000
989.000000
5873.000000
17258.000000
-20245.000000
-10538.000000
14274.000000
-19097.000000
-4269.000000
1900.000000
-3072.000000
-16827.000000
-7076.000000
-12706.000000
15755.000000
21159.000000
18477.000000
-18982.000000
15815.000000
10821.000000
29764.000000
1430.000000
-2284.000000
-11810.000000
26567.000000
1284.000000
-18231.000000
-17641.000000
-1274.000000
-13745.000000
21267.000000
-13582.000000
-33570.000000
-21063.000000
21860.000000
-6952.000000
9531.000000
15157.000000
-16109.000000
-16000.000000
20905.000000
17676.000000
8806.000000
-12178.000000
-5807.000000
-22547.000000
-6951.000000
-3520.000000
4581.000000
-26905.000000
19187.000000
-6409.000000
12953.000000
2192.000000
12734.000000
4683.000000
-21266.000000
21920.000000
-2777.000000
-13784.000000
85.000000
1349.000000
-5369.000000
-24625.000000
-2812.000000
-29436.000000
11240.000000
-5473.000000
37944.000000
245.000000
-2108.000000
-4744.000000
14920.000000
-17569.000000
12582.000000
18145.000000
-10535.000000
-11497.000000
-1229.000000
-7023.000000
10325.000000
-21103.000000
-8764.000000
8846.000000
-555.000000
-7946.000000
4230.000000
14279.000000
11277.000000
-1396.000000
-8064.000000
-9030.000000
-9956.000000
15094.000000
24455.000000
-7428.000000
-8612.000000
-36602.000000
4954.000000
-19008.000000
24943.000000
-2046.000000
-17572.000000
-23301.000000
19004.000000
-9989.000000
22811.000000
-17228.000000
-6003.000000
-16302.000000
-19475.000000
33346.000000
-2696.000000
-17925.000000
22639.000000
-17965.000000
20066.000000
7109.000000
-2275.000000
-3028.000000
7905.000000
-9253.000000
-12920.000000
-3080.000000
-1833.000000
2815.000000
31089.000000
-27180.000000
-5926.000000
4249.000000
13066.000000
2157.000000
19554.000000
28450.000000
12044.000000
-13698.000000
6409.000000
16993.000000
20107.000000
-5257.000000
-15604.000000
-5812.000000
21194.000000
14629.000000
-2788.000000
-12325.000000
-9638.000000
-12064.000000
-13394.000000
-64.000000
5613.000000
35966.000000
20542.000000
37476.000000
-11212.000000
-10901.000000
32598.000000
-15105.000000
10194.000000
3261.000000
14365.000000
-24942.000000
-20775.000000
31555.000000
2218.000000
-17698.000000
-4447.000000
14059.000000
6526.000000
-3966.000000
6348.000000
-813.000000
-9722.000000
-37064.000000
8788.000000
1404.000000
12741.000000
-2856.000000
-26450.000000
-4202.000000
20448.000000
48730.000000
-7745.000000
-12347.000000
12516.000000
-2164.000000
21746.000000
-27228.000000
-11913.000000
21283.000000
-2923.000000
25456.000000
-8852.000000
7751.000000
-9299.000000
-1018.000000
21695.000000
2616.000000
-40450.000000
17945.000000
-9550.000000
-1740.000000
1093.000000
-34770.000000
5415.000000
-7815.000000
-15725.000000
390.000000
12692.000000
27217.000000
-13140.000000
-2663.000000
7510.000000
-16148.000000
14572.000000
19514.000000
-3834.000000
-1418.000000
6811.000000
-32659.000000
688.000000
-2212.000000
952.000000
-20565.000000
-30478.000000
711.000000
-28140.000000
6060.000000
18630.000000
20394.000000
7422.000000
-46857.000000
-12359.000000
-4196.000000
11563.000000
26795.000000
30325.000000
18832.000000
-946.000000
-1542.000000
23569.000000
-5356.000000
-36710.000000
27500.000000
18688.000000
6147.000000
1987.000000
6156.000000
-39543.000000
-12711.000000
43432.000000
11030.000000
-26927.000000
17488.000000
-6550.000000
-27562.000000
-10823.000000
25816.000000
-9506.000000
-12181.000000
22831.000000
-19275.000000
5057.000000
-546.000000
2696.000000
504.000000
5161.000000
14948.000000
-26258.000000
-18408.000000
-9239.000000
18897.000000
7847.000000
-2537.000000
19989.000000
5567.000000
9731.000000
8088.000000
-9920.000000
10043.000000
16649.000000
2388.000000
11176.000000
-9003.000000
1638.000000
7164.000000
17291.000000
-3471.000000
18251.000000
-31559.000000
12222.000000
29155.000000
6276.000000
-453.000000
-4415.000000
-12535.000000
-9239.000000
7463.000000
-9899.000000
-21470.000000
-14250.000000
-15772.000000
-8840.000000
15520.000000
5292.000000
-16141.000000
-29353.000000
-1329.000000
14200.000000
-3995.000000
-7272.000000
24202.000000
-17010.000000
21909.000000
13641.000000
15009.000000
-9798.000000
17138.000000
-23329.000000
-16573.000000
12441.000000
7604.000000
-4467.000000
1101.000000
-15463.000000
-2669.000000
-16726.000000
26114.000000
-20909.000000
691.000000
679.000000
18994.000000
-10417.000000
-8045.000000
7544.000000
513.000000
13967.000000
-1272.000000
-2608.000000
47088.000000
-19854.000000
-10258.000000
5500.000000
14803.000000
-13644.000000
-1441.000000
28945.000000
9142.000000
-10718.000000
-5691.000000
-40011.000000
8282.000000
17343.000000
18187.000000
1311.000000
7264.000000
14222.000000
9753.000000
3175.000000
-5643.000000
6073.000000
11311.000000
982.000000
-886.000000
-3225.000000
-5195.000000
-18856.000000
35277.000000
-5312.000000
-14725.000000
1905.000000
13711.000000
-42780.000000
4417.000000
-10376.000000
-33621.000000
-20476.000000
3182.000000
-6370.000000
-8561.000000
-11222.000000
-3737.000000
6539.000000
11279.000000
-3677.000000
-51398.000000
25273.000000
25658.000000
26497.000000
-10369.000000
10264.000000
-10.000000
10032.000000
-14640.000000
-17250.000000
7978.000000
-2756.000000
-3577.000000
4912.000000
27682.000000
-12148.000000
3745.000000
-11970.000000
-131.000000
-12432.000000
23463.000000
-27917.000000
-6543.000000
4337.000000
6905.000000
-2856.000000
7275.000000
18357.000000
-27729.000000
16963.000000
11260.000000
-33378.000000
-2043.000000
-5961.000000
34709.000000
-15398.000000
27097.000000
14774.000000
-23521.000000
10360.000000
9246.000000
26356.000000
-9215.000000
-16282.000000
-3616.000000
-43698.000000
-1175.000000
29992.000000
-10246.000000
-31879.000000
1711.000000
-9802.000000
-7202.000000
14444.000000
-8374.000000
431.000000
22637.000000
20308.000000
-1333.000000
-11482.000000
-15677.000000
-14961.000000
-18815.000000
-4173.000000
-25398.000000
22422.000000
-2233.000000
-27062.000000
-4648.000000
-33201.000000
8354.000000
5982.000000
17224.000000
27604.000000
-7115.000000
-37356.000000
25726.000000
-3170.000000
15713.000000
-9225.000000
16163.000000
-10442.000000
5194.000000
2032.000000
4259.000000
-18809.000000
-23916.000000
19756.000000
23518.000000
-17602.000000
-17363.000000
12242.000000
-20565.000000
9153.000000
-8991.000000
-4916.000000
-21504.000000
-19071.000000
-12648.000000
13583.000000
-16128.000000
1957.000000
-8347.000000
-28937.000000
-6374.000000
11887.000000
-29272.000000
-18613.000000
-988.000000
-5873.000000
6277.000000
-28448.000000
21051.000000
-19771.000000
-14333.000000
29790.000000
16371.000000
17698.000000
-12539.000000
22114.000000
-12242.000000
131.000000
-5903.000000
3518.000000
-20619.000000
-1503.000000
-27134.000000
917.000000
8056.000000
18025.000000
-11470.000000
21901.000000
19757.000000
3447.000000
-12441.000000
13963.000000
-9892.000000
7701.000000
-977.000000
16704.000000
-17698.000000
431.000000
-14146.000000
39062.000000
-18437.000000
-24720.000000
-17878.000000
-19330.000000
10521.000000
2059.000000
-11601.000000
18261.000000
-96.000000
21838.000000
9588.000000
-9293.000000
4698.000000
-2052.000000
22326.000000
24380.000000
-5181.000000
-18009.000000
-22171.000000
14634.000000
-22816.000000
-1379.000000
10502.000000
15565.000000
-17809.000000
-7243.000000
-9901.000000
30159.000000
-13487.000000
-17890.000000
-14610.000000
-888.000000
24581.000000
6702.000000
-18937.000000
31672.000000
11381.000000
-22276.000000
16913.000000
-2007.000000
-21917.000000
1210.000000
26157.000000
3654.000000
-6016.000000
11075.000000
5667.000000
-5748.000000
-33608.000000
7412.000000
-109.000000
-6978.000000
26999.000000
19281.000000
173.000000
-6407.000000
16234.000000
20290.000000
9737.000000
-6464.000000
13726.000000
-11359.000000
-1836.000000
6749.000000
-7577.000000
8662.000000
13978.000000
-8059.000000
17589.000000
15714.000000
14703.000000
7716.000000
-9455.000000
-30789.000000
-21331.000000
3132.000000
-17860.000000
-13129.000000
21606.000000
18128.000000
4943.000000
21321.000000
8108.000000
23838.000000
-1637.000000
24453.000000
808.000000
-33802.000000
-16024.000000
5898.000000
-19683.000000
4824.000000
-7871.000000
-12224.000000
-5863.000000
16611.000000
18084.000000
-4184.000000
5194.000000
-5790.000000
-27329.000000
-5323.000000
24983.000000
-2844.000000
-7161.000000
16400.000000
7778.000000
7908.000000
-18313.000000
18205.000000
10380.000000
14717.000000
-9558.000000
-8833.000000
-23164.000000
11403.000000
20358.000000
-2863.000000
11659.000000
13629.000000
-5706.000000
-12126.000000
25385.000000
-18774.000000
4068.000000
16272.000000
18746.000000
6766.000000
-11384.000000
21981.000000
1533.000000
-26014.000000
442.000000
-30214.000000
-9802.000000
9292.000000
-9992.000000
-16134.000000
-33978.000000
6466.000000
-8309.000000
-2102.000000
-11937.000000
-2543.000000
1884.000000
-21463.000000
3182.000000
-26152.000000
-3116.000000
-7034.000000
-6610.000000
-14527.000000
6011.000000
-23308.000000
-10911.000000
27401.000000
-1188.000000
-22892.000000
-11475.000000
-8225.000000
11221.000000
1716.000000
16963.000000
-1485.000000
-13661.000000
19331.000000
19083.000000
-7654.000000
17713.000000
22963.000000
718.000000
-24121.000000
-4885.000000
-18100.000000
15372.000000
13406.000000
-3044.000000
-33915.000000
9824.000000
-4554.000000
30395.000000
-28871.000000
-9662.000000
-1709.000000
-22906.000000
3200.000000
15890.000000
-23553.000000
-1134.000000
-16333.000000
-4701.000000
-3776.000000
1655.000000
-15843.000000
888.000000
7321.000000
-17316.000000
27923.000000
25522.000000
-12590.000000
-1058.000000
24699.000000
44278.000000
11363.000000
-1309.000000
4670.000000
274.000000
13729.000000
9395.000000
-23482.000000
-9437.000000
-8704.000000
21437.000000
-47958.000000
22804.000000
-508.000000
-5874.000000
7602.000000
13200.000000
859.000000
-37365.000000
-22378.000000
5805.000000
-16019.000000
10366.000000
35261.000000
-15823.000000
-5138.000000
9345.000000
534.000000
-718.000000
4561.000000
3820.000000
3032.000000
-2383.000000
48877.000000
15891.000000
1208.000000
4390.000000
12043.000000
14901.000000
6499.000000
14783.000000
-27663.000000
-15729.000000
36854.000000
22519.000000
6070.000000
-2989.000000
6990.000000
-1391.000000
-2372.000000
5073.000000
6657.000000
-619.000000
26261.000000
19719.000000
-25970.000000
-3565.000000
-10115.000000
-6001.000000
6467.000000
20913.000000
-27798.000000
-782.000000
9539.000000
1662.000000
4416.000000
32178.000000
-27581.000000
-18775.000000
12712.000000
10071.000000
-22439.000000
-15308.000000
24241.000000
23496.000000
-30057.000000
22154.000000
17128.000000
-19380.000000
-28489.000000
16379.000000
-11788.000000
-18502.000000
3312.000000
17824.000000
-17914.000000
-35334.000000
-1474.000000
18990.000000
-13818.000000
-3909.000000
10402.000000
-8723.000000
5533.000000
-1346.000000
8302.000000
-283.000000
116.000000
7073.000000
-22229.000000
3994.000000
18249.000000
27437.000000
14214.000000
14543.000000
347.000000
-979.000000
4524.000000
-7419.000000
-2144.000000
14483.000000
10669.000000
-9234.000000
27564.000000
6544.000000
-18730.000000
1131.000000
18424.000000
51030.000000
12313.000000
-25033.000000
-5881.000000
5984.000000
4020.000000
-2855.000000
-20505.000000
11072.000000
-7719.000000
-9357.000000
8672.000000
-8815.000000
-11161.000000
-9865.000000
-7970.000000
-23365.000000
9374.000000
9322.000000
-19749.000000
-13567.000000
24337.000000
-7981.000000
4766.000000
15494.000000
-11706.000000
-18777.000000
-13308.000000
8892.000000
5063.000000
-23988.000000
9346.000000
24032.000000
-1614.000000
-8725.000000
26348.000000
-25125.000000
3264.000000
19178.000000
11542.000000
-466.000000
2015.000000
10260.000000
-6470.000000
4022.000000
-15707.000000
16038.000000
-44.000000
-15307.000000
9409.000000
-30198.000000
-23165.000000
4573.000000
9404.000000
-17724.000000
38313.000000
-22181.000000
-19425.000000
5310.000000
-13053.000000
-28028.000000
-14604.000000
6651.000000
-14742.000000
-25142.000000
4964.000000
8389.000000
-17624.000000
4299.000000
32567.000000
4107.000000
-5734.000000
-7597.000000
-394.000000
-13602.000000
2886.000000
-18328.000000
5296.000000
3560.000000
6023.000000
-15010.000000
33446.000000
-9566.000000
-12200.000000
1025.000000
23020.000000
-15187.000000
1993.000000
-19832.000000
11251.000000
-19793.000000
12065.000000
20199.000000
-10889.000000
-17388.000000
4380.000000
-8973.000000
5354.000000
24010.000000
-3148.000000
-8321.000000
53571.000000
9934.000000
2048.000000
12631.000000
-14632.000000
-11532.000000
9225.000000
1623.000000
12706.000000
-8353.000000
2226.000000
-30340.000000
-3183.000000
12563.000000
21712.000000
-28941.000000
622.000000
25172.000000
-1479.000000
-15516.000000
26656.000000
-20117.000000
862.000000
-1435.000000
2759.000000
-37172.000000
7471.000000
5924.000000
-1322.000000
-12378.000000
13617.000000
1120.000000
-18922.000000
9316.000000
-8824.000000
-31488.000000
-18082.000000
22609.000000
-1567.000000
4784.000000
-614.000000
-8863.000000
25429.000000
-1461.000000
27212.000000
-775.000000
1933.000000
14897.000000
14903.000000
13903.000000
16256.000000
15229.000000
17393.000000
7229.000000
-8955.000000
-19473.000000
13085.000000
-1323.000000
-15723.000000
7531.000000
-9530.000000
19946.000000
-19403.000000
7576.000000
-1233.000000
-20154.000000
-13667.000000
7139.000000
-7133.000000
-38158.000000
-12608.000000
30931.000000
-2635.000000
-20062.000000
32150.000000
-20587.000000
-5443.000000
-22261.000000
-2331.000000
-15712.000000
3859.000000
16261.000000
-5004.000000
-12516.000000
21897.000000
-49448.000000
21712.000000
16616.000000
3234.000000
-55253.000000
16374.000000
27047.000000
-17149.000000
-17623.000000
35502.000000
-14159.000000
-919.000000
2071.000000
32749.000000
-13814.000000
-19761.000000
29698.000000
-4079.000000
-11432.000000
12281.000000
6426.000000
7201.000000
-7145.000000
21713.000000
13770.000000
13728.000000
6787.000000
-20013.000000
-3397.000000
4788.000000
-17823.000000
5581.000000
-16743.000000
-14121.000000
2231.000000
-1672.000000
-13904.000000
-15346.000000
19023.000000
18690.000000
-12875.000000
17778.000000
33999.000000
4765.000000
-3665.000000
20415.000000
10525.000000
-20213.000000
-20440.000000
14905.000000
849.000000
16527.000000
-21410.000000
-27221.000000
-7865.000000
-14030.000000
-4303.000000
-8973.000000
20610.000000
11431.000000
26690.000000
21515.000000
-19779.000000
15248.000000
12149.000000
-13352.000000
-10586.000000
-3788.000000
21943.000000
15828.000000
18839.000000
27499.000000
-648.000000
-21853.000000
-8899.000000
-18401.000000
8113.000000
16986.000000
-5374.000000
11407.000000
-11333.000000
4455.000000
22721.000000
-5667.000000
-38888.000000
-11001.000000
2462.000000
23157.000000
23368.000000
15497.000000
1782.000000
-5397.000000
22046.000000
6855.000000
-12835.000000
-2279.000000
10926.000000
3695.000000
7479.000000
-27379.000000
13543.000000
-15949.000000
9949.000000
20925.000000
2688.000000
-712.000000
-17381.000000
-4232.000000
-22393.000000
11923.000000
-10665.000000
-9287.000000
15681.000000
10205.000000
6228.000000
-13714.000000
-24168.000000
1499.000000
-17284.000000
-29601.000000
-5678.000000
-7248.000000
15764.000000
1644.000000
-13536.000000
-4496.000000
-5863.000000
-21319.000000
13397.000000
10807.000000
-27057.000000
13966.000000
-16881.000000
11783.000000
-23434.000000
-8706.000000
9558.000000
8900.000000
14078.000000
9685.000000
8053.000000
9578.000000
-13337.000000
-9975.000000
-38275.000000
-774.000000
-5978.000000
11227.000000
23633.000000
-2027.000000
4840.000000
8711.000000
4455.000000
-10798.000000
25957.000000
-7836.000000
-4173.000000
35707.000000
-1412.000000
-3062.000000
7661.000000
36076.000000
14567.000000
-16269.000000
-6734.000000
-10895.000000
-4695.000000
-6553.000000
843.000000
14355.000000
-24542.000000
-36465.000000
47333.000000
4207.000000
-2709.000000
-27222.000000
-19771.000000
-28361.000000
-2241.000000
-20369.000000
-23318.000000
-33081.000000
4515.000000
10458.000000
18432.000000
-11514.000000
10708.000000
-36024.000000
29242.000000
15020.000000
-11.000000
8674.000000
23174.000000
-28107.000000
6833.000000
25448.000000
7577.000000
-4980.000000
13265.000000
7322.000000
-8510.000000
-11859.000000
6740.000000
-32697.000000
39447.000000
-3527.000000
-1218.000000
-15067.000000
-6654.000000
-948.000000
-15110.000000
4906.000000
13954.000000
501.000000
25927.000000
-4665.000000
-11385.000000
-5467.000000
9137.000000
13029.000000
-5751.000000
-28137.000000
1772.000000
-4996.000000
3874.000000
16194.000000
6809.000000
-21738.000000
-10087.000000
1343.000000
3715.000000
5997.000000
16406.000000
-37.000000
15527.000000
19124.000000
766.000000
-34335.000000
18109.000000
15870.000000
-37140.000000
-4322.000000
21522.000000
-14313.000000
-11437.000000
-15946.000000
11758.000000
-15866.000000
-2153.000000
-4464.000000
-2397.000000
-3819.000000
9647.000000
816.000000
4034.000000
-8218.000000
12675.000000
-8904.000000
3497.000000
-32276.000000
-8337.000000
6480.000000
7640.000000
126.000000
28423.000000
-2010.000000
-1184.000000
10344.000000
33270.000000
-4689.000000
-8905.000000
18270.000000
-18335.000000
-19543.000000
2994.000000
14149.000000
-18463.000000
-21873.000000
6654.000000
22937.000000
-13921.000000
6713.000000
18988.000000
-8386.000000
-18895.000000
-9862.000000
8227.000000
9394.000000
921.000000
-8981.000000
-1145.000000
1866.000000
-5842.000000
-3642.000000
22165.000000
5804.000000
-4226.000000
-22674.000000
5605.000000
-15777.000000
1730.000000
-6080.000000
2182.000000
-6360.000000
-5127.000000
7434.000000
9468.000000
-93.000000
39694.000000
8607.000000
25898.000000
13831.000000
12631.000000
-22885.000000
-33905.000000
-28259.000000
-6818.000000
8727.000000
-763.000000
6021.000000
15443.000000
-7894.000000
3034.000000
-17720.000000
-1438.000000
-8956.000000
-5176.000000
-37447.000000
-34239.000000
25699.000000
-16282.000000
4974.000000
10129.000000
8782.000000
18651.000000
-2616.000000
-613.000000
1805.000000
-7642.000000
-1147.000000
-1791.000000
-19986.000000
-21218.000000
6212.000000
-21365.000000
-3252.000000
8263.000000
7170.000000
24108.000000
24469.000000
-17697.000000
9131.000000
-45988.000000
31986.000000
-21115.000000
-9.000000
-1729.000000
7590.000000
296.000000
16636.000000
18897.000000
13039.000000
-12674.000000
-4993.000000
16165.000000
6400.000000
-9462.000000
-13378.000000
-12688.000000
36978.000000
-13243.000000
18807.000000
-3345.000000
-418.000000
4415.000000
10084.000000
7725.000000
-4712.000000
-12939.000000
11590.000000
21346.000000
20745.000000
16235.000000
16331.000000
1248.000000
15629.000000
24737.000000
36058.000000
19243.000000
-1371.000000
-21939.000000
14299.000000
-13018.000000
-10276.000000
-16053.000000
-11875.000000
-8345.000000
24693.000000
12391.000000
-13992.000000
11020.000000
29429.000000
-3401.000000
-7827.000000
-1711.000000
17538.000000
14142.000000
5567.000000
9925.000000
5482.000000
-14517.000000
27340.000000
500.000000
22447.000000
14585.000000
15297.000000
-13459.000000
-1081.000000
22005.000000
15455.000000
-40913.000000
-2430.000000
6192.000000
-5537.000000
21798.000000
477.000000
-25705.000000
-11516.000000
-13968.000000
21814.000000
1090.000000
10184.000000
-5960.000000
-7380.000000
-2752.000000
28120.000000
-14179.000000
-19313.000000
-19367.000000
-13670.000000
2828.000000
4095.000000
11681.000000
4499.000000
-11103.000000
-9905.000000
-13588.000000
1823.000000
-15442.000000
2353.000000
1485.000000
16157.000000
-19832.000000
3165.000000
9282.000000
29603.000000
-5886.000000
-2060.000000
-12264.000000
13869.000000
3928.000000
-18316.000000
4157.000000
5312.000000
-1351.000000
3806.000000
16671.000000
29806.000000
14067.000000
3069.000000
5598.000000
-51336.000000
7093.000000
31925.000000
-13652.000000
-2924.000000
-3165.000000
-35406.000000
19784.000000
9388.000000
-4801.000000
2882.000000
18731.000000
23204.000000
4101.000000
15952.000000
-9734.000000
-26962.000000
-6325.000000
39775.000000
-15479.000000
-25392.000000
7835.000000
-9197.000000
-15967.000000
4590.000000
-19676.000000
-2737.000000
-6070.000000
5415.000000
-5730.000000
19122.000000
-25674.000000
-926.000000
21409.000000
22030.000000
-28543.000000
-6778.000000
22038.000000
15562.000000
-21752.000000
-2738.000000
-12778.000000
-21834.000000
38763.000000
37274.000000
-9367.000000
3505.000000
3760.000000
6374.000000
-18574.000000
15847.000000
-1672.000000
-19564.000000
5563.000000
13362.000000
-3276.000000
-18054.000000
-709.000000
-4602.000000
23723.000000
5031.000000
21861.000000
5099.000000
-20515.000000
-8315.000000
-2947.000000
1326.000000
11902.000000
-19842.000000
19982.000000
14304.000000
-2538.000000
-5272.000000
-9059.000000
8441.000000
-36569.000000
7099.000000
5949.000000
-15454.000000
11184.000000
538.000000
8152.000000
107.000000
29385.000000
24317.000000
7650.000000
14010.000000
-7767.000000
-7552.000000
20445.000000
-17880.000000
17321.000000
7326.000000
978.000000
-32716.000000
-17358.000000
-10765.000000
5960.000000
-4854.000000
13604.000000
-14413.000000
12861.000000
-27584.000000
18338.000000
-16396.000000
9103.000000
10697.000000
-33304.000000
3847.000000
1408.000000
-16114.000000
3654.000000
11632.000000
-13001.000000
-11910.000000
-5672.000000
-9838.000000
897.000000
-14920.000000
-22737.000000
-9611.000000
-7310.000000
-13607.000000
12591.000000
-2486.000000
-18240.000000
-9759.000000
-12405.000000
3155.000000
6520.000000
16797.000000
8890.000000
-5486.000000
-7245.000000
-164.000000
-4570.000000
-24409.000000
-9277.000000
-134.000000
-27082.000000
10668.000000
15716.000000
-11723.000000
4947.000000
-6076.000000
15517.000000
-32929.000000
-8691.000000
-9369.000000
8959.000000
-12.000000
2767.000000
21074.000000
13806.000000
-8056.000000
17638.000000
-9009.000000
35009.000000
6125.000000
3215.000000
3668.000000
-18489.000000
-9359.000000
23404.000000
29763.000000
-9538.000000
-14174.000000
15651.000000
-7119.000000
-31901.000000
-639.000000
18951.000000
-43253.000000
-30609.000000
-2175.000000
-21200.000000
-21826.000000
13835.000000
-17391.000000
5632.000000
1347.000000
21326.000000
-9733.000000
8827.000000
14407.000000
-21740.000000
-16566.000000
19478.000000
-2556.000000
-22036.000000
-20298.000000
645.000000
-16950.000000
7832.000000
26677.000000
-4690.000000
-23820.000000
-19771.000000
20967.000000
-11351.000000
17298.000000
23344.000000
-12784.000000
-3035.000000
16564.000000
-4021.000000
-16938.000000
5034.000000
-37246.000000
2032.000000
9554.000000
9122.000000
-17200.000000
-8224.000000
-12789.000000
15319.000000
-14884.000000
-1871.000000
-17925.000000
33003.000000
3128.000000
6714.000000
-2833.000000
-2209.000000
29721.000000
5136.000000
1096.000000
9321.000000
3339.000000
-11845.000000
-18795.000000
-10783.000000
-4181.000000
4444.000000
-580.000000
26933.000000
-19399.000000
-4408.000000
-12644.000000
-2061.000000
-6689.000000
-3662.000000
1704.000000
-35887.000000
-6141.000000
7971.000000
-10386.000000
-18365.000000
-4785.000000
-15328.000000
-10797.000000
12356.000000
4293.000000
-13561.000000
6130.000000
-4278.000000
-29541.000000
11550.000000
3073.000000
5989.000000
-35817.000000
13988.000000
-14631.000000
-27845.000000
14259.000000
16181.000000
-3259.000000
19223.000000
-14364.000000
-3436.000000
4929.000000
-498.000000
17026.000000
-3115.000000
1009.000000
-16933.000000
-1101.000000
13533.000000
-18934.000000
1245.000000
42730.000000
-4598.000000
-6010.000000
16060.000000
19972.000000
24934.000000
-4858.000000
13046.000000
-28469.000000
-4958.000000
18231.000000
22721.000000
13359.000000
-14754.000000
32263.000000
7155.000000
13978.000000
2102.000000
10091.000000
-13325.000000
-9649.000000
-31348.000000
11176.000000
9010.000000
7691.000000
3126.000000
-14529.000000
-20714.000000
-4443.000000
-9290.000000
2144.000000
52.000000
-32066.000000
4854.000000
8790.000000
6724.000000
9129.000000
8130.000000
-5270.000000
-9967.000000
-12236.000000
18996.000000
14280.000000
-17879.000000
504.000000
15175.000000
5156.000000
22341.000000
-14720.000000
-23380.000000
12070.000000
12553.000000
26524.000000
-18566.000000
-355.000000
10544.000000
1819.000000
-4424.000000
8913.000000
10205.000000
5347.000000
19775.000000
-10997.000000
7878.000000
17732.000000
17036.000000
-11944.000000
6655.000000
19164.000000
-17948.000000
-11294.000000
-6540.000000
-538.000000
6298.000000
-16040.000000
-15008.000000
13346.000000
-16465.000000
-11152.000000
1433.000000
9517.000000
4810.000000
21285.000000
-16472.000000
-715.000000
-1720.000000
-14381.000000
-14009.000000
18522.000000
3278.000000
14610.000000
-8305.000000
10852.000000
-43907.000000
-29147.000000
7406.000000
-13682.000000
-9464.000000
-12145.000000
-10990.000000
-1417.000000
918.000000
-8001.000000
-34934.000000
10891.000000
18400.000000
-1213.000000
8386.000000
11919.000000
1932.000000
41593.000000
25708.000000
-2378.000000
-3354.000000
-6616.000000
-17904.000000
13951.000000
-577.000000
-18538.000000
-867.000000
28244.000000
11227.000000
-2307.000000
12282.000000
0.000000
-20697.000000
15336.000000
-16191.000000
-7157.000000
5507.000000
5238.000000
-17055.000000
-19298.000000
17494.000000
28683.000000
-9186.000000
-7569.000000
5723.000000
34922.000000
-12600.000000
-74.000000
19950.000000
4810.000000
-12837.000000
31983.000000
15761.000000
-14472.000000
-2550.000000
25415.000000
-11543.000000
-11156.000000
2419.000000
-18844.000000
-48853.000000
51990.000000
11902.000000
8123.000000
-7303.000000
23124.000000
-29309.000000
-15992.000000
-21849.000000
-1784.000000
-6095.000000
17905.000000
-4937.000000
7122.000000
-38741.000000
9321.000000
-28202.000000
3719.000000
3982.000000
2798.000000
-19639.000000
-45485.000000
-25006.000000
16251.000000
-11086.000000
-13495.000000
-18705.000000
-2903.000000
5878.000000
2038.000000
14622.000000
16643.000000
14958.000000
2140.000000
-597.000000
8242.000000
1091.000000
-18220.000000
18082.000000
26298.000000
-22885.000000
1756.000000
21941.000000
18930.000000
-3068.000000
18014.000000
-10109.000000
-2317.000000
42978.000000
24555.000000
-15076.000000
23039.000000
10775.000000
-23195.000000
-9361.000000
6746.000000
-26780.000000
14886.000000
-8438.000000
13023.000000
2817.000000
14203.000000
2677.000000
-21779.000000
-9606.000000
-13677.000000
711.000000
-23823.000000
22661.000000
18842.000000
-5336.000000
-5708.000000
7141.000000
2483.000000
-10660.000000
-32128.000000
2655.000000
-17106.000000
-6331.000000
-5581.000000
6978.000000
28863.000000
26108.000000
19014.000000
2721.000000
10528.000000
-20372.000000
-8007.000000
21007.000000
23071.000000
1532.000000
2430.000000
-7400.000000
-15614.000000
-20775.000000
2772.000000
-21317.000000
204.000000
17774.000000
-16579.000000
8743.000000
-10139.000000
2348.000000
26042.000000
-25282.000000
-2926.000000
5236.000000
11156.000000
1028.000000
-1614.000000
13695.000000
-2359.000000
-4219.000000
-8810.000000
-19926.000000
-813.000000
-10047.000000
-5995.000000
21551.000000
-9653.000000
-24114.000000
-2830.000000
-3475.000000
-20211.000000
9604.000000
7627.000000
24192.000000
-33841.000000
-848.000000
14847.000000
9554.000000
-4622.000000
19351.000000
1919.000000
-3119.000000
-1307.000000
16490.000000
-11212.000000
7296.000000
2386.000000
-9369.000000
87.000000
19629.000000
4501.000000
14153.000000
8554.000000
-31494.000000
-20861.000000
-29693.000000
13286.000000
4774.000000
-1449.000000
24019.000000
8550.000000
-6689.000000
-5334.000000
2001.000000
-6502.000000
-22467.000000
19225.000000
17775.000000
6175.000000
35331.000000
-5899.000000
3664.000000
-8766.000000
30912.000000
1708.000000
4439.000000
-16879.000000
-20631.000000
-18839.000000
-32649.000000
-6925.000000
-6973.000000
3904.000000
4033.000000
-9378.000000
-4634.000000
10744.000000
796.000000
4534.000000
21914.000000
-1602.000000
9564.000000
7610.000000
15911.000000
-28396.000000
14211.000000
5048.000000
-21894.000000
-2663.000000
-7919.000000
3085.000000
5296.000000
856.000000
24717.000000
-10800.000000
-1625.000000
20626.000000
-11321.000000
-31.000000
-2412.000000
30424.000000
27121.000000
-38392.000000
14415.000000
13798.000000
-24305.000000
-10073.000000
17081.000000
-6420.000000
-22404.000000
26020.000000
-4829.000000
-15824.000000
-11370.000000
-3171.000000
-12168.000000
-18152.000000
7629.000000
-9319.000000
4313.000000
-25336.000000
23318.000000
-1108.000000
-33725.000000
-19240.000000
18482.000000
-21910.000000
-11998.000000
25989.000000
-3714.000000
-3307.000000
-9805.000000
18943.000000
-18227.000000
-10503.000000
9722.000000
-453.000000
-25603.000000
1435.000000
36144.000000
-9085.000000
-5788.000000
-4714.000000
8917.000000
7613.000000
9249.000000
-21142.000000
3300.000000
-3480.000000
-305.000000
-8031.000000
-6216.000000
-8444.000000
23696.000000
-2181.000000
-318.000000
18845.000000
-8112.000000
-18637.000000
-385.000000
-35952.000000
-431.000000
-1004.000000
-8289.000000
30543.000000
-15283.000000
15129.000000
3667.000000
26163.000000
27726.000000
18443.000000
-5732.000000
11131.000000
670.000000
-7107.000000
-13776.000000
7347.000000
-19865.000000
-25191.000000
-3249.000000
-2839.000000
4080.000000
-10005.000000
9994.000000
1473.000000
-970.000000
-1067.000000
-9279.000000
9688.000000
12034.000000
-6231.000000
4969.000000
15272.000000
-4924.000000
-11837.000000
7367.000000
-18139.000000
-3455.000000
1617.000000
7628.000000
-1157.000000
-20153.000000
-15436.000000
-12789.000000
-24280.000000
-40223.000000
6358.000000
9342.000000
17895.000000
341.000000
13323.000000
-21835.000000
27242.000000
12295.000000
-5629.000000
-47782.000000
9812.000000
-1081.000000
17605.000000
-28084.000000
12470.000000
23400.000000
-12421.000000
-5333.000000
-6928.000000
7589.000000
9226.000000
634.000000
-35562.000000
-36077.000000
-25983.000000
-4731.000000
-215.000000
-4800.000000
15834.000000
-13796.000000
-5363.000000
-1565.000000
28282.000000
-8796.000000
-1916.000000
-16584.000000
-2016.000000
-12170.000000
-12434.000000
-10088.000000
-5309.000000
-10523.000000
-492.000000
-6536.000000
-7591.000000
14375.000000
-11409.000000
-21876.000000
9400.000000
-17452.000000
5031.000000
-3280.000000
21721.000000
-43534.000000
665.000000
1048.000000
32564.000000
-8058.000000
2624.000000
-1176.000000
-10251.000000
5684.000000
-11865.000000
-7247.000000
9425.000000
-9778.000000
5069.000000
-13831.000000
-1067.000000
733.000000
21074.000000
-6959.000000
33514.000000
1453.000000
-1724.000000
-22475.000000
3334.000000
18521.000000
-7727.000000
-9368.000000
-16047.000000
32384.000000
-14146.000000
2803.000000
-1794.000000
-19648.000000
-22289.000000
-5062.000000
-7906.000000
-23459.000000
19993.000000
-33777.000000
6776.000000
12863.000000
22817.000000
5132.000000
-8915.000000
1734.000000
29567.000000
-2550.000000
3446.000000
7570.000000
15449.000000
-5034.000000
-2682.000000
-6380.000000
-4160.000000
12494.000000
36843.000000
-23376.000000
8701.000000
15819.000000
1771.000000
-12060.000000
-2220.000000
19994.000000
17704.000000
-34085.000000
5015.000000
22379.000000
17006.000000
7798.000000
1171.000000
-1741.000000
-12643.000000
340.000000
8447.000000
4840.000000
4680.000000
-39870.000000
25500.000000
-5651.000000
-304.000000
-43367.000000
7926.000000
26043.000000
-9866.000000
6141.000000
26828.000000
-1362.000000
-43671.000000
26350.000000
-1264.000000
-15073.000000
-8773.000000
-3234.000000
10831.000000
12326.000000
10237.000000
-4994.000000
-6555.000000
13527.000000
33372.000000
-16788.000000
-41266.000000
-12664.000000
15166.000000
-4727.000000
21996.000000
-1203.000000
5595.000000
-26933.000000
11408.000000
14850.000000
-8818.000000
2534.000000
-7694.000000
-22735.000000
4787.000000
30884.000000
-3893.000000
-29672.000000
1813.000000
34075.000000
-22565.000000
-32180.000000
-7703.000000
-13353.000000
25560.000000
12232.000000
-15610.000000
-43387.000000
-954.000000
1836.000000
-3294.000000
10029.000000
7448.000000
29.000000
-12179.000000
15785.000000
-11674.000000
13507.000000
11242.000000
-30171.000000
7319.000000
28415.000000
21530.000000
14090.000000
-18802.000000
-3250.000000
-4056.000000
-2349.000000
41402.000000
24837.000000
605.000000
7622.000000
14631.000000
3476.000000
-26185.000000
14082.000000
16500.000000
8307.000000
10080.000000
12479.000000
5312.000000
707.000000
-5578.000000
6043.000000
6236.000000
10888.000000
-40511.000000
-35680.000000
-9749.000000
20215.000000
-20376.000000
-882.000000
28552.000000
5586.000000
-27265.000000
19394.000000
-9222.000000
-3366.000000
17874.000000
15048.000000
18004.000000
-11289.000000
5315.000000
7244.000000
-1999.000000
21709.000000
-1485.000000
-1671.000000
11279.000000
19490.000000
-3585.000000
1903.000000
-23418.000000
8346.000000
7442.000000
12020.000000
7245.000000
-8620.000000
33743.000000
22568.000000
13472.000000
48975.000000
4704.000000
-1394.000000
-11910.000000
18778.000000
13439.000000
13657.000000
-60.000000
18048.000000
7757.000000
34618.000000
-10601.000000
-28979.000000
-20015.000000
1815.000000
4084.000000
-484.000000
-25792.000000
2170.000000
4916.000000
4347.000000
-406.000000
11765.000000
9636.000000
11667.000000
16328.000000
-18497.000000
-26323.000000
6250.000000
5054.000000
11030.000000
-8776.000000
250.000000
-14820.000000
-1475.000000
-31082.000000
-8926.000000
13868.000000
3587.000000
9451.000000
11861.000000
-14446.000000
24517.000000
12694.000000
14590.000000
-28496.000000
-19413.000000
3373.000000
16411.000000
-19838.000000
17369.000000
-11502.000000
24924.000000
4886.000000
22416.000000
-5350.000000
-19715.000000
454.000000
7418.000000
-7768.000000
909.000000
-25330.000000
13297.000000
8672.000000
10758.000000
12743.000000
10070.000000
-7180.000000
-9117.000000
3990.000000
24453.000000
2865.000000
1877.000000
22082.000000
9738.000000
15000.000000
-8569.000000
-29410.000000
5466.000000
-4740.000000
-8522.000000
7779.000000
12068.000000
15357.000000
-7974.000000
17475.000000
15258.000000
-11554.000000
3696.000000
4119.000000
18837.000000
-1941.000000
-8246.000000
7082.000000
4465.000000
14368.000000
1604.000000
-15688.000000
-1700.000000
11194.000000
10128.000000
13270.000000
30801.000000
16881.000000
10825.000000
-809.000000
-26585.000000
14199.000000
-19510.000000
-13760.000000
-10550.000000
4847.000000
21285.000000
-15032.000000
3318.000000
24445.000000
14266.000000
-9075.000000
-18888.000000
-6283.000000
18615.000000
-8577.000000
33608.000000
38492.000000
1359.000000
-50807.000000
10260.000000
15150.000000
-32627.000000
-4321.000000
27953.000000
567.000000
-12892.000000
28435.000000
11294.000000
-26920.000000
-39637.000000
-15044.000000
-15557.000000
-14644.000000
-8857.000000
-3545.000000
-35493.000000
-5354.000000
11037.000000
3996.000000
-15918.000000
611.000000
2802.000000
-14462.000000
4769.000000
-194.000000
-8155.000000
-3517.000000
-19026.000000
9874.000000
-956.000000
4947.000000
28010.000000
35969.000000
-15505.000000
9581.000000
-26155.000000
-4565.000000
-2670.000000
8527.000000
-1882.000000
-977.000000
-870.000000
-15546.000000
-1965.000000
16119.000000
4905.000000
-14852.000000
1048.000000
653.000000
5032.000000
11106.000000
-21562.000000
-1134.000000
-22236.000000
-1167.000000
-14253.000000
-8404.000000
-10766.000000
15576.000000
-3563.000000
1117.000000
12982.000000
-23317.000000
-35834.000000
2941.000000
-16686.000000
-135.000000
-2993.000000
4513.000000
-3844.000000
-487.000000
5294.000000
20482.000000
-18414.000000
16472.000000
2640.000000
-8461.000000
31476.000000
1096.000000
-23789.000000
31683.000000
20911.000000
-38371.000000
-19506.000000
392.000000
-391.000000
-13980.000000
15879.000000
12680.000000
-26296.000000
1967.000000
6368.000000
-27774.000000
-9306.000000
17868.000000
8130.000000
-2357.000000
-2884.000000
-21835.000000
5617.000000
474.000000
4885.000000
2416.000000
6051.000000
21568.000000
25929.000000
7334.000000
13278.000000
20247.000000
5380.000000
23847.000000
8041.000000
-20521.000000
13318.000000
35622.000000
-4736.000000
-149.000000
-3444.000000
2369.000000
13414.000000
25227.000000
-1305.000000
-14954.000000
-2573.000000
13207.000000
7484.000000
-11990.000000
15045.000000
32155.000000
-9776.000000
-10127.000000
12561.000000
-4519.000000
-1680.000000
22510.000000
16430.000000
-4867.000000
-17671.000000
-11814.000000
11627.000000
16431.000000
8492.000000
-15442.000000
-16354.000000
-1933.000000
16299.000000
-2484.000000
-12287.000000
34609.000000
-8147.000000
-28607.000000
29003.000000
39147.000000
-13954.000000
17252.000000
-1689.000000
-5699.000000
15527.000000
21626.000000
-4812.000000
-4519.000000
3435.000000
22468.000000
-1243.000000
13295.000000
15132.000000
-16874.000000
1192.000000
23859.000000
-6485.000000
-41073.000000
15214.000000
32832.000000
-14365.000000
10627.000000
11086.000000
7380.000000
-2334.000000
24765.000000
18881.000000
-2376.000000
-13696.000000
-10571.000000
4113.000000
-15039.000000
21154.000000
-12576.000000
-5459.000000
7999.000000
19477.000000
17672.000000
29456.000000
17368.000000
-9464.000000
-22542.000000
5336.000000
-9779.000000
-13979.000000
-3783.000000
-9402.000000
-16621.000000
10616.000000
16919.000000
-25656.000000
-33151.000000
17518.000000
-12337.000000
7010.000000
43823.000000
-5854.000000
-14198.000000
6365.000000
-2945.000000
-9193.000000
-25271.000000
8082.000000
-3696.000000
9183.000000
26282.000000
-24042.000000
-8866.000000
-5101.000000
7726.000000
-28283.000000
-8351.000000
-7466.000000
-10293.000000
-11855.000000
10391.000000
17414.000000
735.000000
-21342.000000
11888.000000
16575.000000
-17481.000000
12121.000000
9315.000000
-6456.000000
-20076.000000
-15157.000000
-7600.000000
-14470.000000
23360.000000
-13866.000000
-993.000000
-35348.000000
-30325.000000
-12759.000000
3981.000000
-24008.000000
-9427.000000
-18002.000000
-16590.000000
-330.000000
8046.000000
14491.000000
-21786.000000
-10071.000000
-19507.000000
-22595.000000
33767.000000
27738.000000
8316.000000
-16559.000000
11259.000000
-20689.000000
17909.000000
25285.000000
4233.000000
140.000000
-20366.000000
-18346.000000
7984.000000
11152.000000
18819.000000
39283.000000
9280.000000
-14770.000000
32858.000000
5797.000000
-18907.000000
-3246.000000
20142.000000
-12156.000000
5568.000000
-15116.000000
-4196.000000
-22803.000000
24588.000000
3744.000000
-5487.000000
32389.000000
-13987.000000
6509.000000
3132.000000
5185.000000
3764.000000
-6372.000000
2331.000000
-14970.000000
57.000000
-17078.000000
5452.000000
-3958.000000
2173.000000
11792.000000
-35082.000000
5127.000000
-3601.000000
2866.000000
-4188.000000
-708.000000
-8477.000000
9673.000000
6704.000000
-7716.000000
18318.000000
31747.000000
-16819.000000
-13590.000000
8908.000000
12795.000000
-391.000000
9313.000000
19237.000000
28831.000000
-17769.000000
22408.000000
-7959.000000
-25453.000000
-6514.000000
17826.000000
6202.000000
6200.000000
10977.000000
13574.000000
28036.000000
12190.000000
-9418.000000
5022.000000
-18886.000000
-15422.000000
7902.000000
26583.000000
-18338.000000
-874.000000
34902.000000
1603.000000
36143.000000
-1497.000000
31129.000000
2135.000000
2616.000000
8369.000000
27840.000000
-36468.000000
-25051.000000
10333.000000
3843.000000
31246.000000
2193.000000
-10305.000000
11431.000000
-3225.000000
-8285.000000
8725.000000
8792.000000
2887.000000
-26366.000000
33195.000000
-11091.000000
-6791.000000
12704.000000
-11945.000000
-5957.000000
391.000000
-33226.000000
-22638.000000
-12883.000000
9348.000000
-15865.000000
-19885.000000
14763.000000
-13400.000000
-18506.000000
-435.000000
2111.000000
-11809.000000
5274.000000
22416.000000
23788.000000
9603.000000
1973.000000
-21874.000000
8915.000000
29732.000000
-6983.000000
-4572.000000
4035.000000
22562.000000
8795.000000
10251.000000
42474.000000
-7156.000000
-3427.000000
5472.000000
-1841.000000
-11054.000000
18613.000000
32966.000000
-2104.000000
-10714.000000
-23226.000000
-380.000000
10703.000000
1449.000000
-18599.000000
-3268.000000
14498.000000
494.000000
-34538.000000
-5150.000000
5575.000000
3868.000000
14077.000000
-3250.000000
-21006.000000
10842.000000
-1188.000000
1382.000000
7421.000000
26187.000000
-20403.000000
29564.000000
-18739.000000
-2357.000000
-19434.000000
-356.000000
-16206.000000
3481.000000
-10469.000000
13354.000000
8680.000000
3690.000000
-12994.000000
-11825.000000
-13290.000000
-3203.000000
10464.000000
-14526.000000
-8321.000000
-3990.000000
-20893.000000
22754.000000
8949.000000
37499.000000
-4483.000000
17020.000000
5112.000000
42192.000000
-5787.000000
1599.000000
-15482.000000
-9489.000000
5118.000000
4527.000000
-10372.000000
4640.000000
-7090.000000
4333.000000
11297.000000
-16523.000000
36996.000000
-17411.000000
-18157.000000
-12968.000000
16198.000000
8777.000000
-2359.000000
7830.000000
3136.000000
-15237.000000
6904.000000
-10737.000000
2463.000000
14196.000000
-33441.000000
22611.000000
17924.000000
27260.000000
709.000000
254.000000
13823.000000
-9368.000000
-2898.000000
-29079.000000
24335.000000
33500.000000
11952.000000
-46935.000000
13649.000000
-15956.000000
7275.000000
-15387.000000
8528.000000
12129.000000
-23356.000000
-10382.000000
7062.000000
-6975.000000
11904.000000
26738.000000
-5959.000000
-11553.000000
8374.000000
-12065.000000
-11362.000000
-914.000000
-748.000000
6176.000000
31714.000000
-18049.000000
-14588.000000
-23042.000000
8862.000000
15601.000000
-845.000000
15477.000000
-21002.000000
22991.000000
8141.000000
-22598.000000
-6362.000000
19754.000000
48203.000000
-3056.000000
-24651.000000
-17466.000000
14344.000000
-38487.000000
-9474.000000
14923.000000
32520.000000
-2952.000000
12140.000000
-33411.000000
25190.000000
-10283.000000
-2509.000000
-16858.000000
-9602.000000
17427.000000
-2824.000000
22735.000000
-11236.000000
-7162.000000
3678.000000
-2233.000000
8354.000000
114.000000
27871.000000
17787.000000
-3755.000000
-18196.000000
51718.000000
23952.000000
-2004.000000
-8762.000000
22294.000000
8828.000000
-7734.000000
-301.000000
25551.000000
688.000000
-17205.000000
16179.000000
-9266.000000
1440.000000
21741.000000
19805.000000
-1115.000000
-9761.000000
4520.000000
-842.000000
-18954.000000
-26301.000000
-5697.000000
7167.000000
3902.000000
17076.000000
49897.000000
4553.000000
13977.000000
15216.000000
15544.000000
18145.000000
2778.000000
8908.000000
9337.000000
-30919.000000
-8390.000000
6229.000000
-711.000000
-7737.000000
9039.000000
8893.000000
-16114.000000
-19496.000000
1980.000000
-40494.000000
8737.000000
2241.000000
11416.000000
-18511.000000
-17613.000000
27907.000000
12285.000000
4858.000000
7681.000000
-11146.000000
12266.000000
8502.000000
7012.000000
-10943.000000
34049.000000
7565.000000
-836.000000
-1495.000000
9081.000000
5300.000000
-2754.000000
12926.000000
19649.000000
-21020.000000
7982.000000
403.000000
35688.000000
3277.000000
-6697.000000
-8816.000000
-3659.000000
13614.000000
11395.000000
-684.000000
-2478.000000
-27376.000000
15580.000000
-24294.000000
-35667.000000
-143.000000
-3052.000000
-2188.000000
-6529.000000
-8852.000000
-11951.000000
4194.000000
17985.000000
-12601.000000
1010.000000
-13709.000000
-16027.000000
1229.000000
-2070.000000
1201.000000
-6437.000000
-1787.000000
12063.000000
-46770.000000
-17600.000000
-10941.000000
-6744.000000
11802.000000
34329.000000
3516.000000
24680.000000
-24651.000000
18460.000000
-6952.000000
22797.000000
-23091.000000
4280.000000
14909.000000
-10373.000000
5821.000000
5641.000000
5089.000000
-5321.000000
-16328.000000
5030.000000
-22243.000000
-10825.000000
15531.000000
20407.000000
-12502.000000
-2267.000000
27508.000000
-1093.000000
-13098.000000
30316.000000
24913.000000
-2843.000000
-21932.000000
-12897.000000
-15956.000000
-20766.000000
-1519.000000
-314.000000
7922.000000
-13823.000000
-4705.000000
9982.000000
-5284.000000
11660.000000
90.000000
-9908.000000
-32282.000000
-4611.000000
-838.000000
10547.000000
2069.000000
8039.000000
-35188.000000
-431.000000
5584.000000
19657.000000
-21255.000000
92.000000
5419.000000
8673.000000
-7242.000000
-4962.000000
-246.000000
-1967.000000
4626.000000
33919.000000
-15419.000000
-16080.000000
19487.000000
-13205.000000
